l3$OmeroDetailURL <- paste0('<a
href="https://meplincs.ohsu.edu/webclient/img_detail/',544555,'/"','
target="_blank">Omero</a>')
l3$OmeroDetailURL <- paste0('<a
href="https://meplincs.ohsu.edu/webclient/img_detail/',"544555",'/"','
target="_blank">Omero</a>')
l3
URL <- paste0('<a
+ href="https://meplincs.ohsu.edu/webclient/img_detail/',"544555",'/"','
+                             target="_blank">Omero</a>')
URL
data <- (149
271
810
822
1029
1683
1972
2501
2516
2785
3378
3814
3939
4062
4316
4337
4430
4989
4993
5080
5349
5427
5605
5928
6112
6177
6230
6231
6280
6497
6944
7578
7862
7891
8055
8308
9155
9979
9994
10071
10759
10759
10782
10875
11603
11940
12430
12883
14472
14519
14606
14705
15034
15536
15583
15930
15967
16368
16426
17291
17692
18434
18626
19023
19387
19989
20178
20238
20640
20673
20917
21367
21864
22419
23852
24121
24897
24955
25644
25798
26128
26306
27240
27564
27648
28342
28714
28745
28816
28872
28944
29409
29525
29718
29992
30007
30044
30053
30065
30125
30157
30254
30438
30813
30868
30955
31827
31952
32497
32636
32822
33223
33390
33868
33930
34489
34514
34561
34585
35409
35460
35791
35815
35854
35858
36148
37087
37316
37360
37814
37892
38023
38114
38117
38418
38617
38643
39156
39267
39562
39740
40141
40153
40999
41174
41573
42302
42312
42378
42440
42570
42645
43338
43650
43679
46006
46456
47435
48106
49717
51557
53732
54873
60261
61175
63912
78273
95601)
data
data = [149,271,810,822,1029,1683,1972,2501,2516,2785,3378,3814,3939,4062,4316,4337,4430,4989,4993,5080,5349,5427,5605,5928,6112,6177,6230,6231,6280,6497,6944,7578,7862,7891,8055,8308,9155,9979,9994,10071,10759,10759,10782,10875,11603,11940,12430,12883,14472,14519,14606,14705,15034,15536,15583,15930,15967,16368,16426,17291,17692,18434,18626,19023,19387,19989,20178,20238,20640,20673,20917,21367,21864,22419,23852,24121,24897,24955,25644,25798,26128,26306,27240,27564,27648,28342,28714,28745,28816,28872,28944,29409,29525,29718,29992,30007,30044,30053,30065,30125,30157,30254,30438,30813,30868,30955,31827,31952,32497,32636,32822,33223,33390,33868,33930,34489,34514,34561,34585,35409,35460,35791,35815,35854,35858,36148,37087,37316,37360,37814,37892,38023,38114,38117,38418,38617,38643,39156,39267,39562,39740,40141,40153,40999,41174,41573,42302,42312,42378,42440,42570,42645,43338,43650,43679,46006,46456,47435,48106,49717,51557,53732,54873,60261,61175,63912,78273,95601]
data = c(149,271,810,822,1029,1683,1972,2501,2516,2785,3378,3814,3939,4062,4316,4337,4430,4989,4993,5080,5349,5427,5605,5928,6112,6177,6230,6231,6280,6497,6944,7578,7862,7891,8055,8308,9155,9979,9994,10071,10759,10759,10782,10875,11603,11940,12430,12883,14472,14519,14606,14705,15034,15536,15583,15930,15967,16368,16426,17291,17692,18434,18626,19023,19387,19989,20178,20238,20640,20673,20917,21367,21864,22419,23852,24121,24897,24955,25644,25798,26128,26306,27240,27564,27648,28342,28714,28745,28816,28872,28944,29409,29525,29718,29992,30007,30044,30053,30065,30125,30157,30254,30438,30813,30868,30955,31827,31952,32497,32636,32822,33223,33390,33868,33930,34489,34514,34561,34585,35409,35460,35791,35815,35854,35858,36148,37087,37316,37360,37814,37892,38023,38114,38117,38418,38617,38643,39156,39267,39562,39740,40141,40153,40999,41174,41573,42302,42312,42378,42440,42570,42645,43338,43650,43679,46006,46456,47435,48106,49717,51557,53732,54873,60261,61175,63912,78273,95601)
histogram(data)
help(histogram)
help(hist)
hist(data)
hist(data,breaks=50,probability=TRUE)
hist(data,breaks=50,probability=TRUE,density=1)
hist(data,breaks=50,probability=TRUE,density=10)
hist(data,breaks=50,probability=TRUE,density=100)
hist(data,breaks=50,density=100,xlab='Number of Voters/Delegate')
hist(data,breaks=50,density=100,xlab='Number of Voters per Delegate')
hist(data,breaks=50,density=100,xlab='Voters',title='Voters per Delegate')
hist(data,breaks=50,density=100,xlab='Voters',main='Voters per Delegate')
hist(data,breaks=50,density=100,xlab='Voters',main='Distribution of Voters per Delegate')
hist(data,breaks=50,density=100,xlab='Voters / Delegate',main='Distribution of Voters per Delegate')
hist(data,breaks=30,density=100,xlab='Voters / Delegate',main='Distribution of Voters per Delegate')
hist(data,breaks=30,density=1000,xlab='Voters / Delegate',main='Distribution of Voters per Delegate')
hist(data,breaks=30,density=700,xlab='Voters / Delegate',main='Distribution of Voters per Delegate')
hist(data,breaks=30,density=70,xlab='Voters / Delegate',main='Distribution of Voters per Delegate')
source('~/Documents/GATA1-Analysis/gata1_limma.R')
source('~/Documents/GATA1-Analysis/gata1_limma.R')
source('~/Documents/GATA1-Analysis/gata1_limma.R')
source('~/Documents/GATA1-Analysis/gata1_limma.R')
source('~/Documents/GATA1-Analysis/gata1_limma.R')
source('~/Documents/GATA1-Analysis/gata1_limma.R')
View(marrow)
source('~/Documents/GATA1-Analysis/gata1_limma.R')
source('~/Documents/GATA1-Analysis/gata1_limma.R')
source('~/Documents/GATA1-Analysis/gata1_limma.R')
source('~/Documents/GATA1-Analysis/gata1_limma.R')
source('~/Documents/GATA1-Analysis/gata1_limma.R')
source('~/Documents/GATA1-Analysis/gata1_limma.R')
source('~/Documents/GATA1-Analysis/gata1_limma.R')
