	exp	t-stat	p-value
ADAM33	-9.24555270626	3.86235439971	0.060967950562
GRAMD4	7.88208720461	-4.08107410822	0.0550940957552
1700125D06RIK	-7.79224802967	3.05059407042	0.0927488108232
CRLF1	-7.0552824355	6.81899692356	0.0207899436516
SLC26A1	-6.88671271367	3.06748716725	0.0918661248195
MED17	-6.56985560833	3.39193283149	0.0770108420297
HBB-BH1	-6.53915881111	5.13227522281	0.035931024381
GM24	-6.45395648857	3.83850086982	0.0616591853584
OLFR1359	-6.44294349585	4.23691589611	0.0514449457214
SCL000361.1_1	6.43184578697	-5.54950380495	0.03097017656
2610301F02RIK	-6.42066204847	5.61814923109	0.0302517657632
SLC36A2	6.37503943135	-4.82075008027	0.040437839484
OLFR456	-6.37503943135	3.17902696196	0.0863285253176
XLR5C	6.31590430726	-3.83044209165	0.0618952883573
LOC381650	6.29155444584	-3.71306951805	0.0654880605892
4930449I04RIK	6.27922364393	-4.28282380566	0.0504295430906
NRN1	6.24158598657	-4.17109796725	0.0529535930606
CHST5	6.24158598657	-3.6356738497	0.0680248075656
HEGFL	6.18982455888	-5.07428264594	0.0367120743594
LOC380876	-6.17658873172	4.87878005269	0.0395375512903
SLC35F3	6.1497471195	-3.01978586985	0.094390020266
LOC384196	6.10852445678	-3.50063093758	0.0728038973382
COX8B	6.08037341646	-4.58831467741	0.044363034865
2810403G11RIK	6.08037341646	-3.22580645161	0.0841476982151
LOC231501	6.08037341646	-4.92664639082	0.038816939864
LOC244229	-6.06608919046	3.34490002308	0.0789402420895
GCET2	6.06608919046	-3.35064234494	0.078700974711
PAX3	6.06608919046	-3.60059518889	0.0692215899112
KRT33B	-6.02236781303	3.17887765696	0.0863356148477
FBXW11	6.00749453655	-3.22451010819	0.0842070633005
PIWIL4	-6.00749453655	9.64578856877	0.0105776923505
4933409G03RIK	-6.00749453655	7.06129438935	0.0194715564808
UBXN2B	5.95884267524	-7.84873439345	0.0156106304734
OLFR1166	-5.9464189598	6.30971473206	0.0242093390225
A330073P05RIK	-5.9464189598	4.14924284855	0.053468839555
LOC381835	-5.93073733756	3.44123600806	0.0750603760327
IGHV1S114_L33955_IG_HEAVY_VARIABLE_1S114_205	5.91488338636	-4.03297496442	0.056336775615
UBL4B	5.89885327654	-4.06346244955	0.0555634601557
PLN	-5.89885327654	3.89289080579	0.0600993737024
C230097I24RIK	5.84966572692	-12.9623784783	0.00589894714048
LOC380923	-5.83289001416	3.12399361388	0.088999247417
B330007M19RIK	-5.83289001416	18.3303027798	0.00296296947571
TRBV30_X16695_T_CELL_RECEPTOR_BETA_VARIABLE_30_160	-5.83289001416	3.46410161514	0.0741799002274
LOC384901	5.81591693556	-5.71395564382	0.0292895601489
LOC381716	5.78135971352	-8.83782455456	0.0125621855728
LOC544884	5.74595437739	-3.62476859515	0.0683936353917
OLFR992	5.74595437739	-3.16	0.0872387535368
LOC100044927	5.72792045456	-15.0111069989	0.00440854461227
6720453O12RIK	-5.72792045456	4.2552488596	0.0510359017959
PCDH21	-5.72792045456	3.44378412837	0.0749615129457
LRRC57	5.71051679083	-5.34945300038	0.0317717668656
LOC100048378	-5.70965824817	3.55552964335	0.0708042783715
B230333P14RIK	5.69116190455	-5.38749715806	0.0327688387931
1700013G24RIK	-5.69116190455	3.08474484218	0.0909767225053
ZYG11A	5.67242534197	-3.46687622641	0.0740740740741
C130022M03RIK	5.67242534197	-6.18589574132	0.0251515771455
2610305M23RIK	5.6534422386	-4.89005764337	0.0393660109402
GM884	-5.63420601974	5.21428571429	0.0348676202716
1700024B05RIK	5.63420601974	-7.1929037306	0.0187852964363
DMRTA1	-5.63420601974	3.82623965404	0.0620189308684
AU044581	-5.6264391367	4.64013818253	0.0431980835112
D130049J17RIK	-5.61470984412	3.07288511839	0.0915866030746
LOC229430	-5.61470984412	41.5692193817	0.000578201840765
DGL1-PENDING	5.61470984412	-5.23722936566	0.034578415949
LRRN2	-5.59494658929	4.33701527465	0.0492681867035
LOC100044812	5.57490883606	-2.97670278894	0.0967553953381
OLFR556	-5.56681515401	3.50871350331	0.0723133486424
OLFR1357	-5.55458885168	3.53497708509	0.071543482646
6820427D17RIK	-5.55458885168	4.13092194662	0.0539064197418
OLFR118	-5.55458885168	4.6	0.0441526198381
RTL1	5.533978572	-34.0	0.000863931046803
A630031M04RIK	5.51306958224	-3.24235725392	0.0833950133899
LOC223385	5.49185309633	-6.10170215848	0.0258236259059
NPCD	-5.47031993478	3.36557242501	0.0780837393605
MBTPS2	5.47031993478	-12.2838453728	0.00656205821807
OLFR1242	5.44846050082	-4.4376015698	0.0472138653193
PROP1	-5.44846050082	2.95524541785	0.0979650428254
ZFP780B	5.4262647547	-20.7889393669	0.00190010358641
ENSMUSG00000058057	5.4262647547	-8.34455384951	0.0140591531858
DIO3	-5.4262647547	2.98984768662	0.0960248381358
OLFR552	5.40372218605	-3.06570269389	0.0919587979949
B930019K04RIK	-5.38082178394	6.394537504	0.0235937304702
1600012K10RIK	-5.38082178394	3.38367119697	0.077344804173
UNC93A	5.37155886261	-21.5332723519	0.00136489077951
LOC100047007	-5.35755200462	4.58831467741	0.044363034865
DLEU7	5.35755200462	-5.69494797451	0.0294768278761
EG245440	5.33390073655	-2.96112511805	0.0976314467758
ACTRT1	-5.33390073655	4.21428571429	0.0519565039323
GABRA4	-5.31469652566	6.56966897634	0.0218787373213
LOC382997	-5.30985526259	13.3061125645	0.00560063357763
PDE3B	-5.29359937183	5.43911757549	0.0309330687888
LOC269527	-5.28540221886	5.91062465996	0.0274510149179
SCL000896.1_70	5.26052755022	-3.32885447036	0.0796143903513
C230040D10RIK	-5.26052755022	28.0	0.00127307499101
D130065A14RIK	5.26052755022	-5.29150262213	0.0339082169207
OLFR145	5.23521646169	-9.04194430179	0.0120114730114
TULP3	-5.20945336563	4.75443489416	0.0415040136935
EG547109	-5.20945336563	18.0	0.00307220388092
PABPNL1	-5.20945336563	8.25453445421	0.0129594600298
LOC384769	-5.20945336563	3.89711431703	0.0599806578392
LOC381388	-5.18322182406	7.34977759998	0.0180132513131
FTL2	-5.18322182406	3.39297731822	0.0769687683862
FTMT	-5.18322182406	6.625	0.0220336847716
CCDC40	-5.18322182406	5.55590963463	0.0309020763151
CYP2C65	5.15650448568	-4.50897184153	0.0458314035572
MAT1A	5.12928301694	-5.75692642257	0.0282715413745
9530022L21RIK	5.12928301694	-5.56455620102	0.0308105049288
ALDH3B2	-5.10153802646	5.24488348935	0.032226838996
HIST3H2BA	-5.09072317041	2.91232748436	0.0993835107325
COL5A2	5.07324898203	-3.5	0.0728273500545
CDSN	5.07324898203	-3.70405183549	0.0657765059175
LOC384284	-5.04439411936	3.46410161514	0.0741799002274
IRX4	-5.01495034147	6.51772730565	0.0227401835688
LOC210540	-5.01495034147	4.07541685676	0.0552644536563
A830019P07RIK	-5.01495034147	11.75	0.00716534084498
A230055I01RIK	5.01495034147	-3.61538461538	0.0687133326982
LOC100048295	-4.98489310761	3.78117670802	0.0633675932683
DNAIC2	-4.96743213754	29.3991103999	2.66508266699e-05
CD200R2	-4.95419631039	9.81980506062	0.0102117920172
LOC223827	-4.95419631039	3.60288346061	0.0691425957429
LOC100045198	-4.92283213948	2.98691462653	0.0961871669805
E130307L24RIK	4.92283213948	-2.9464579328	0.0984666481207
DSC3	4.92283213948	-5.37545555168	0.0329086390195
9630003L17RIK	-4.89724042557	6.08511063405	0.0250849841489
LOC100039227	-4.89077093025	3.86151399358	0.0609921123514
ASPHD2	-4.89077093025	10.75	0.00854260179196
4930571K11RIK	-4.85798099513	3.88290137358	0.0603815227004
ASFGF2A	-4.85798099513	3.88290137358	0.0603815227004
CLEC9A	4.84369676912	-7.66852332591	0.014373393601
1700009C05RIK	-4.82926969849	2.90642324149	0.0999447874561
CCDC54	-4.82442843542	5.68567701131	0.0295688099211
7530420F21RIK	4.82442843542	-4.70302254435	0.0423592364725
E030025P04RIK	-4.82442843542	4.70302254435	0.0423592364725
LOC225924	4.82442843542	-3.37017923976	0.0778946918644
A930009E11RIK	-4.79007693063	3.04997140665	0.092781576747
CCKAR	4.79007693063	-5.54700196225	0.030996833777
RARRES1	4.77007390598	-3.77798718682	0.0621405399744
DSG1C	-4.75488750216	6.2449979984	0.0246951696033
LOC331650	-4.75488750216	5.6291651246	0.0301387739611
FAM176B	4.71881824746	-7.18132498718	0.0188442189608
4930577M16RIK	-4.71881824746	5.79494567264	0.0285110141267
LOC625605	-4.71881824746	3.98348237954	0.0576259337775
1300002E11RIK	-4.71881824746	3.98348237954	0.0576259337775
LOC384094	4.68929916054	-31.0	4.46635301715e-05
IFNK	4.68182403997	-3.3226980875	0.0798752470913
1700108M19RIK	-4.68182403997	3.13829903982	0.0882937658227
DDX56	-4.68182403997	3.04138126515	0.0932352994176
SLC17A2	-4.68182403997	3.01101729745	0.0948647072042
LOC382452	4.66675659188	-3.1928859278	0.0850670108496
ARHGAP20	4.64385618977	-3.41696878471	0.0760113957892
LOC386508	4.63097489848	-3.48995519084	0.0712153391279
9030205A07RIK	4.60486205816	-3.03488489333	0.0935805363236
LOC100045228	4.59876830025	-9.0727106987	0.00658077719891
LOC238662	-4.56478461878	3.05329013446	0.0926071284378
OLFR679	4.56478461878	-3.25660936975	0.0827545825955
NPY	-4.53565165005	3.55471307572	0.0691684235543
4930511J15RIK	-4.53492181822	12.2	0.00182888146895
VWCE	-4.52356195606	4.90123033773	0.0358578572673
LOC100041196	4.50955509806	-30.9903210697	0.000315444335698
OTTMUSG00000010673	4.49154180168	-5.79883244765	0.0205707704457
9530059O14RIK	4.48112668974	-3.24910772843	0.083090791902
LOC384053	-4.46876948322	4.00732467195	0.0548191273327
DNAJC5B	-4.46538088497	3.73610843312	0.0615132488539
GPR123	-4.43104981727	2.95668562447	0.0963301689425
LOC100041754	-4.39231742278	3.07859647993	0.0895506166828
LOC672822	-4.39231742278	6.56532164299	0.0205336543058
LOC100040328	4.34940883131	-4.61318776341	0.0386178412827
SCN4A	4.33847927115	-2.96946461341	0.0939441881366
C130060K24RIK	4.33219643034	-8.18535277187	0.0101542651008
FOXB1	-4.32847094075	3.69160340816	0.0622889418444
1110006O17RIK	-4.31158615067	9.06579722061	0.00729143837657
GM111	-4.30518483105	4.61776810104	0.038197898977
LOC244000	4.27448093248	-6.10475174552	0.0177933660888
PCDHGA4	4.26166757007	-4.05553552827	0.0510162689206
TRPV6	-4.24792751344	3.23764620383	0.0799072543487
PHYHIP	-4.24792751344	2.94680379494	0.0955385777185
LOC381689	-4.23095443484	7.01646415446	0.0134813243874
LOC213560	4.18400018665	-3.57054671272	0.0644300519721
LOC380924	-4.17880315279	4.10411378985	0.0499877058734
ADAMTS13	-4.17880315279	10.1105953302	0.00314279448352
CCBL2	4.15380533608	-2.98984768662	0.0948628155333
SMOK3B	-4.12610876915	3.19154242655	0.0809112096159
APOF	4.08746284125	-3.33295235918	0.0774527384969
A430110O13RIK	-4.07744408543	3.15924554611	0.0814459823689
LOC385816	4.07610297909	-7.57178867941	0.00713934136165
2810410P22RIK	-4.04191738907	3.26219782769	0.082408227891
V1RD22	-4.03284325669	4.6566768044	0.0334551150591
TRIM63	4.00998408857	-2.88384236091	0.0984112278576
4833417J20RIK	4.00817393145	-7.36505902815	0.00863579066457
6720407D17RIK	-3.94485844581	7.73404063963	0.011372959376
LOC277868	3.94485844581	-3.75325945303	0.0620909545457
PRRXL1	3.90689059561	-3.11896476038	0.0843952911731
CHRNA9	3.89400930431	-3.19886450999	0.0781112743302
LOC385476	3.89201731913	-4.56318113907	0.0350304410395
LOC382967	3.87914560513	-3.11793505182	0.0810873993785
CLDN17	3.85085656069	-9.80017746068	0.00297204425294
OLFR1195	-3.83734966236	9.79834265562	0.000841370660886
6030495H03RIK	3.82542649498	-5.63533158078	0.0208878188688
A230024N07RIK	-3.81526012014	3.88780950684	0.0507982285805
LU	3.81225372147	-11.2613306304	0.000467165882232
GCHFR	-3.78659636189	11.0851251684	0.00037995820616
VMN2R26	3.77897312069	-3.05796419831	0.0856280512989
LRIG3	3.7038503463	-4.59111232954	0.0263947839552
LOC229837	3.70043971814	-3.51221644203	0.0667224409858
LOC329702	-3.67688499016	3.29411764706	0.0697741486564
GSTT1	-3.67521162102	8.63010302594	0.00552002060291
0610008F07RIK	3.67053823243	-2.94151559005	0.0956761485138
LOC383415	-3.66496182279	5.34668186454	0.0170097551609
TRBV11_AE000663_T_CELL_RECEPTOR_BETA_VARIABLE_11_244	3.65950945409	-4.99756038044	0.0250621819178
2610207F23RIK	-3.65950945409	3.70121556458	0.0558129824697
9430019C24RIK	3.61330712642	-6.13452788994	0.0177889309762
9830160N02RIK	3.61244323714	-3.42605975759	0.0697672512699
4930447J18RIK	-3.61244323714	2.80769230769	0.0984265884924
SND1-PENDING	-3.60880924268	4.2052598643	0.0378252998546
CAMKV	-3.59955003694	5.30950933429	0.0139754264226
D630040G04RIK	-3.59825932333	6.40184399664	0.0108538435445
OLFR317	3.59295529147	-8.17823300876	0.00175001922342
GPR37L1	3.57568468713	-4.14786428864	0.0396565923305
A530041J03RIK	-3.5739913829	8.48528137424	0.00553070667908
TNFSF10	3.5739913829	-2.81284338563	0.0985039847682
NUDT6	3.57114390403	-3.31859765912	0.0792608765855
LOC240750	3.56919518486	-5.92556828925	0.0201806418278
NPHP3	-3.56358884993	5.07985019944	0.0192434816704
A930006B21RIK	-3.55626218847	8.04122220888	0.00129828932883
RPH3A	-3.52773763203	9.65138610415	0.000662357723873
FGF15	3.52535301158	-3.93813822275	0.051291946633
1110005F07RIK	3.52173846686	-10.8369465606	0.00755229200807
B930037B01RIK	-3.50092792071	4.44605381227	0.0379771208269
ARG1	3.4787321746	-5.85769700988	0.00778454170634
LOC237684	-3.47524213348	3.0318567859	0.0895263134133
UBQLN3	3.45943161864	-8.13172798365	0.00460421873491
LOC385938	-3.45943161864	3.65125365126	0.0495292504436
9630013D21RIK	-3.44183755862	4.14320458107	0.0360342616624
SCL0003471.1_340	3.43423106451	-10.4580655009	0.00266422333957
A230079E18RIK	-3.42998784074	3.69239797651	0.0543745948182
LOC229810	-3.40162285595	2.91603403122	0.0965813735558
WHRN	3.38321521567	-6.42505827554	0.00638095573
B230215A15RIK	-3.35940280031	2.72222818951	0.0987282499128
TOR3A	3.35446205904	-7.73529411765	0.00196068682006
GGT6	3.34239219745	-4.64402579328	0.0185124968932
ARHGAP28	-3.32499439794	5.152374022	0.0105002387574
IRX5	3.31431491078	-9.38667971636	0.00137779875519
NDR3	3.31078753728	-7.42613903611	0.00198876964909
2210011C24RIK	-3.30580842952	5.25225731439	0.0172537477318
NPFFR2	-3.29021923516	6.9531267473	0.00227068608432
PAPLN	-3.28990642184	6.07470576357	0.00751618774932
4930504G24RIK	3.27763881874	-5.162673844	0.00974219234252
LOC639581	-3.27301849441	5.02463443641	0.0131420609671
TTLL10	-3.27301849441	3.15667905266	0.070141417687
LOC100044164	-3.26980536381	6.66674917441	0.0026385666707
LZTS1	3.25701061821	-6.8359792455	0.00239682137036
LOC383428	-3.25481389903	3.25886365282	0.067204270308
NUDT10	-3.25191837364	6.00411946495	0.0159156108756
LOC382776	-3.24562472757	8.45770930662	0.00430204349103
CELSR1	3.24430719776	-3.59565388727	0.0552630948664
3830402I07RIK	3.24056054404	-9.64871230716	0.00145002033128
LEPR	-3.2394659347	6.00832755432	0.00863691613837
A630063F18RIK	3.23477614579	-4.40803917853	0.0324988323845
GM22	3.21842351913	-5.72398855203	0.007741013823
LOC386068	3.21385440988	-6.36422787903	0.00316635621502
6330566F14RIK	-3.20625377452	4.24267435874	0.0411228763911
TSPAN15	-3.20577020039	5.7548040831	0.00607639607865
LOC383916	3.2051144299	-3.24096225173	0.060090560222
A430090J22	-3.20086870865	2.98953208545	0.0895948026323
DEFCR26	-3.19437804517	2.80899438202	0.0912826371393
E430033B07RIK	-3.19433355462	2.96680105567	0.0870350403463
TNFAIP8L1	-3.18866156402	2.82635012579	0.0878145475607
EG434459	-3.15591814345	9.4874058396	0.00133346272921
2610528M18RIK	3.14404636962	-3.70935470411	0.0381705308109
5730442P18RIK	3.13170567921	-3.0443529865	0.071883220172
OLFR104	3.13093086983	-3.53253164754	0.0445644590088
PDE8B	-3.12795273097	4.83101809337	0.0115066140302
C130023I09RIK	-3.12795273097	4.35859627375	0.0303541110342
MMRN2	-3.12338241551	3.12336424843	0.081940293309
ADCY4	-3.11356255882	4.35377820007	0.0189455478448
LOC224549	3.10261506648	-3.04330964826	0.0663759330974
FUT11	-3.09686153925	3.09945933986	0.0644450229897
4833444L21RIK	-3.09337149814	2.91903737913	0.0908334336901
EG381438	3.08975465276	-7.6749910622	0.00814754510649
C730036B14RIK	-3.07972719247	5.39910076007	0.00918606580274
CHM	3.07972719247	-6.25244138364	0.0106325770712
D130011J22RIK	-3.06683150848	5.51810366748	0.00891919731087
GM536	-3.06495544184	2.66872498082	0.0958363108891
LOC671564	-3.06359685554	7.27897839193	0.00927216227483
OLFR447	-3.05889368905	8.69626356546	0.00680778895902
1700003B17RIK	3.04836302156	-4.85071250073	0.00987291833102
LOC232787	3.04288581285	-4.36742423674	0.0169492807208
B130017E20RIK	-3.04015712647	4.0	0.0248174617257
GM53	-3.03562390973	4.5	0.0178332073684
LOC224487	3.03372061784	-4.88258360313	0.00918864386444
SORBS1	-3.03046528073	5.13973446937	0.0221368829879
LOC100047385	3.03046528073	-3.01257339961	0.0858184150076
6332401O19RIK	3.01380579953	-4.23464324233	0.0240568113955
2310007A19RIK	3.01252709788	-4.59552281919	0.0236217309528
5330430C04RIK	3.00781950446	-3.02079026954	0.0671099392842
LOC382138	3.00620514953	-2.69167705124	0.0895294542491
LOC100044089	2.99559482088	-7.31651649438	0.0133425216671
A830082G19RIK	-2.99330534743	5.71009334877	0.00470752195603
6720489N17RIK	-2.99330534743	5.58772000381	0.00503663757919
A230077I10RIK	-2.9893527558	3.28794145419	0.0538130872347
LOC210497	-2.97819562968	3.67373792818	0.0457186541254
WDR41	2.97241416833	-7.67093983631	0.0093507391828
D830015B12RIK	2.96123042984	-9.02521719708	0.00101331547696
CXX1B	2.95893734338	-5.59585885844	0.00563435840723
A930015K17RIK	-2.95716380209	12.0885461482	0.00569388552272
YSG2	2.95641073145	-3.67624064886	0.0342656801526
TOM1L1	-2.95222059546	4.92208891099	0.033781081845
9930104H07RIK	-2.94291890479	3.07975307975	0.0596218096437
D2BWG1423E	2.93859945534	-3.77964473009	0.033005290759
LOC279333	2.92056553251	-3.02004795577	0.0646094255643
4921513I03RIK	2.91328836681	-3.70052919862	0.0284032722164
ACACB	2.91194382333	-6.80538411936	0.0058933718092
LRRTM4	-2.91106627158	2.55302969089	0.0997845139247
5730458M16RIK	2.90454284075	-3.85547738709	0.0404114328413
CRB3	-2.90397311223	2.94731173003	0.0888150577398
F830008E12RIK	-2.89616418902	2.66966639191	0.0991716991435
GRHL1	-2.89162383896	2.86287185223	0.0902485491446
IGHV1S129_AF304548_IG_HEAVY_VARIABLE_1S129_110	2.88752527074	-5.69976399903	0.00545548486405
9430073L23RIK	-2.8767286251	3.24863293711	0.0476092904404
2410164B09RIK	2.87009067741	-3.42094195755	0.0443004216968
LOC100042074	2.86941589019	-5.20700520701	0.00716890828043
LOC100046467	2.86311819358	-2.98080410847	0.0626094570433
OLFR859	2.86014233642	-2.64142381769	0.0898603302466
LOC100047226	2.85777455669	-7.33735532308	0.00486604175333
PAWR	-2.85516693445	3.95110513029	0.0486835905321
TSPYL5	-2.85010456952	3.81639274138	0.0268697027997
6030468B19RIK	-2.84770002518	5.29203227944	0.0157002367074
DEFA1	2.84434912954	-4.12310562562	0.023906809962
LOC236737	-2.84276025819	4.51762181713	0.011588850697
LOC329305	2.84039518382	-3.10039127136	0.0529816041149
6230400G14RIK	-2.83457639079	3.04198032782	0.0700876660286
MEGF10	2.83212282721	-3.02200227695	0.0579398232836
A230052B14RIK	-2.82126052408	2.94274187277	0.0855305952583
OLFR108	-2.80735492206	4.48072796283	0.0112541686464
TCTEX1D1	2.80735492206	-4.40415164636	0.012377984717
B130042I06RIK	2.80735492206	-3.68702349591	0.029572232727
BC032265	-2.79924987242	6.7840920087	0.00261209849374
2210409H10RIK	-2.79273288769	3.22072673361	0.0633417818753
KCNK2	2.78932099923	-2.76003485879	0.0770470577016
5730409K12RIK	2.78710623821	-2.64674576752	0.0830165995898
PODNL1	2.78360631928	-5.12444152958	0.0135692220537
PRMT1	2.77271652965	-3.58301644472	0.029069039806
LOC385686	-2.77158379104	4.49465702224	0.0108677882501
BC003331	2.77069191424	-6.01216411979	0.0253044700572
ACSL6	-2.76444633059	5.20720740116	0.0161175219247
2310010B21RIK	2.76255672306	-6.18705332305	0.0185096939769
GAMMA GLUTAMYL TRANSPEPTIDASE TYPE III	2.76167210673	-2.94494945164	0.0705127393141
LOC381562	-2.76081233612	3.46410161514	0.0337631994982
GM1467	2.75946023195	-5.70885753134	0.0122574870898
P2RY2	-2.75316282169	3.29855945914	0.0398770410919
6430514E13RIK	2.7430657937	-5.24743839946	0.0193990446064
EG667705	2.73271612116	-2.94306882953	0.0640442294783
OLFR1225	2.72459703674	-5.08232998978	0.010597908268
DDIT4L	2.72246602447	-3.35545609125	0.0356037524141
PLAT	-2.72246602447	2.9192017968	0.0667496428576
NR1I3	2.72246602447	-3.10472933801	0.0549433513795
PDZRN3	-2.71944783291	4.52803765444	0.0106710221114
CDH6	2.71785677122	-2.56185169597	0.0929368139755
5830458K16RIK	2.71535913798	-2.8179546241	0.0884457006042
LOC381892	2.71391035794	-4.57835017474	0.0224114270852
GLRX1	2.71232608253	-17.8159228129	0.00029968400201
F830018F06RIK	-2.71087139802	8.03146796121	0.00577069037501
WDR54	2.70426142909	-2.65197417653	0.0806287385258
9030614H07RIK	-2.70290375809	6.3948117268	0.0061101136977
PRKCA	2.70238536246	-3.63060372699	0.0240215029547
MTERFD3	2.69878240028	-2.73986744464	0.0992218061104
4833409J19RIK	2.69785655713	-3.64482350584	0.0674772567586
EG434008	-2.69632360967	4.52026944118	0.0113939598428
EDN1	-2.69100413813	3.89225129009	0.0178914546232
C130081M21RIK	2.68449817427	-4.75	0.0194593517547
ENSMUSG00000068790	2.68107439327	-3.73500160198	0.0449299123715
GM614	-2.67611038878	5.09636860647	0.00950567258886
TYW3	-2.67611038878	5.78152981109	0.00457220885465
JRKL	2.66296501272	-4.86530912448	0.0124295236897
RORB	2.66296501272	-4.0	0.0291539490156
LOC100039001	-2.66296501272	6.24875438851	0.003910321337
SEMA4G	-2.65400414515	3.80319414628	0.0222966163831
BCAS1	2.65263232726	-5.68244112222	0.00506210643746
SLC18A2	2.65132561888	-3.387439092	0.0376106406278
IGKV9-128_AJ231245_IG_KAPPA_VARIABLE_9-128_15	2.64339964873	-3.50630178535	0.0429135285215
LOC383018	2.63402331917	-3.16760472675	0.0395684524073
2410076I21RIK	-2.62777085695	3.04901973012	0.0844242845322
LOC384190	-2.62678267642	2.90337874342	0.0846677390034
CYP2J9	2.62390878096	-4.18113531512	0.0307505013049
C730034F03RIK	-2.62358379475	4.70322094454	0.0140456217582
D230028J12RIK	-2.62033683082	3.55728524383	0.0457438834684
SH2B3	2.61709512166	-4.46842412482	0.0131318119688
4930417G10RIK	2.61598939634	-3.6875	0.0228624197609
RAB36	2.61546458912	-2.96044623209	0.0764196643227
9630041B11RIK	2.60665757182	-2.57760893012	0.0818724437802
9627947_63_RC	2.60665757182	-2.78151794984	0.0644171394365
PVR	2.60164124187	-3.66192661672	0.0234829499698
F830018F18RIK	2.60022925737	-3.28158822718	0.0336280812593
3110043J09RIK	2.59903768593	-2.66674679367	0.0909252708977
TOR1AIP2	2.59653617312	-5.13745679603	0.0179269171492
D230018C02RIK	-2.5896695034	2.58493565351	0.0781987513546
RAPGEF4	2.58932769328	-5.52885325348	0.00756568351454
RYK	-2.58779100732	9.72633390953	0.00977477932204
TSLP	-2.58024009048	4.70048088475	0.0132509200248
LAX1	2.57960926623	-3.5524242863	0.0242500716933
LOC382687	-2.57935979449	5.44615660458	0.00755040969676
FGL1	2.57178711197	-2.57015841646	0.0820082680474
AF251705	2.56379789072	-7.96480115776	0.00236952288024
WEE1	-2.5615035279	3.27659266305	0.0386751245339
TCEA3	2.56044018159	-5.26820102022	0.0328549229892
OTTMUSG00000020946	2.55799545312	-3.60059518889	0.023538407162
TMEM120B	-2.55653683822	4.90846406313	0.0378414943924
4930520K10RIK	-2.55500927862	4.86986333096	0.0282323792067
LOC383303	2.55380156923	-4.80435650553	0.0201742373883
EDARADD	2.55019708256	-3.37312210806	0.0424734019289
A630085E16RIK	-2.55019708256	3.29033672889	0.0375045373089
OLFR675	2.55019708256	-2.78875953843	0.0722022329406
CHST10	-2.55008625095	3.03153549816	0.0817292213054
SLC22A16	-2.5456495767	2.99044583561	0.0477352788172
4833408P15RIK	-2.54010826494	3.7887516645	0.0383402934827
D130064A21RIK	-2.53873948396	2.84300071425	0.0560650829421
LOC634059	-2.53605290024	3.03303784497	0.0732591238802
ITGB1BP2	-2.53605290024	3.19864915704	0.0349413439985
LOC384180	-2.53119124428	3.45404614657	0.026399659809
5330416C01RIK	2.53119124428	-3.62714272997	0.0402203042295
EG574083	-2.52572329735	4.6732696842	0.0175790834874
4930568H22RIK	2.51784830486	-2.86540159765	0.0541552337795
OLFR920	-2.51245000094	2.96499726664	0.0526830848296
2310016G11RIK	2.51203097827	-3.70471342681	0.0338438868157
LOC385254	-2.50986104548	3.07693556441	0.0432226851333
A930024F17RIK	-2.5073416036	3.96361960509	0.0166335445971
ITM2A	2.50537423598	-4.30410174471	0.0248399354055
LOC380862	-2.50031708491	6.37112527473	0.00829097192641
G430008M12RIK	-2.49755921467	5.88146311259	0.011094155232
4922505G16RIK	2.49569516262	-6.18282077431	0.00743324582043
LAMB3	2.49439529089	-3.5964518653	0.0281131296382
GLULD1	2.4907471591	-5.05031502168	0.0313778136449
TRIM36	-2.48604747465	3.10867191251	0.0616586955325
C130021I20	2.48403359187	-2.62942495578	0.0702163729068
E230026L19RIK	-2.4780472968	2.42647161315	0.0901837436946
A130028M21RIK	2.46918618616	-5.10366051184	0.0075777760704
AB041550	-2.46317402032	2.85811969091	0.0519846048661
ZCCHC9	2.45962706605	-3.87939020051	0.0179111271153
D630011D02RIK	2.45545176772	-3.81625861116	0.0284552945843
B130064M22RIK	2.45490196016	-6.5	0.00309050666837
4930438O05RIK	-2.45204453112	3.14371672214	0.0490713677661
PI15	-2.44478484267	4.43532762573	0.0211642440567
B230361I03RIK	-2.44159832555	3.64895210782	0.030781905433
LOC100046339	2.43942165791	-5.88250763739	0.00476042623816
A730041D04RIK	2.43773654754	-3.73161950188	0.0316315160022
CLEC2G	2.43663975376	-5.19108547618	0.00901788441635
OLFR472	-2.43569696984	2.71955878774	0.0809779346704
A930038C07RIK	2.43295940728	-2.44969633746	0.0852318037066
GDPD3	2.43291650568	-3.35693557378	0.0677066906066
D630015C01RIK	-2.42910322044	5.05018382445	0.0198384727915
KLHL21	-2.4260685364	3.21173439203	0.0711365472135
KATNAL1	-2.41998332188	8.33484136778	0.00312032562005
LOC100044215	2.41723505498	-3.49355559031	0.0296287450324
TRIM58	-2.41111179607	2.70506982694	0.0871944474942
LOC386289	-2.40737579757	4.40823435408	0.0177676006926
TMEM204	-2.40006265531	3.6290449647	0.0575283407683
9330175B10RIK	2.39940684757	-2.60146221072	0.0698789033214
SCL0001199.1_86	2.39689015257	-2.54578330936	0.0724707823831
1110064P04RIK	2.39023410828	-2.79330409564	0.0536531061692
A130017M23RIK	-2.39023410828	3.55371157797	0.0247346007786
E130106K10RIK	-2.38875080776	2.9423619168	0.0800970136058
KLHL31	-2.38827058972	3.25928685753	0.0328715938944
DEFB12	-2.38142910664	2.5	0.0824417371617
LYZL6	2.375866902	-2.88874152291	0.049542847759
D1LUB1	-2.37450174762	4.3872027392	0.0118580122624
TIMD2	-2.37022365193	3.56894949957	0.0435042577065
EG666009	2.36762813889	-3.88015548885	0.0555517180461
SLC2A4	-2.36246810412	10.4376131609	0.0010311537953
A930027O03RIK	-2.34663889074	6.89532949355	0.0184415320987
CDKL3	2.34447066354	-3.64680234281	0.0543611814499
B930085B11RIK	-2.33855876943	2.30158582228	0.0939891329338
UTP14B	2.33744109426	-2.40315501042	0.0966622825286
CASKIN2	-2.32721269802	5.11195048655	0.0076314030142
LOC382029	2.32192809489	-3.21887961624	0.0324630583239
A430057M04RIK	-2.32192809489	2.70120017993	0.0575444799886
EIF4E	-2.32192809489	2.92232565508	0.0591569096772
OLFR232	-2.32192809489	5.21970143005	0.00648555228813
9530019H20RIK	2.32192809489	-3.18401178303	0.0336303562698
A330029H11RIK	-2.32192809489	6.46394683577	0.00415123634267
LOC383819	2.32192809489	-3.08187501617	0.0628579455118
INHBE	2.32192809489	-3.61961382997	0.0331787304211
RUSC2	2.32192809489	-2.95372675759	0.0814091610897
LOC210535	-2.32192809489	3.49731523784	0.0316726224827
PNMA1	-2.31031096083	3.01086955705	0.0938092426578
1700025H01RIK	-2.30844486552	3.60480295114	0.0304798432394
XIST	-2.30556821714	4.42185799787	0.0263639447345
4930550C14RIK	-2.30426222059	5.24099755326	0.033254321821
LOC100047260	-2.30190233064	4.11367063663	0.0529737774551
HPN	-2.30091760159	3.35957526546	0.0414736567092
E030007A22	2.30039493334	-2.96743030807	0.0417382925915
D11ERTD636E	-2.29716018974	2.7308000151	0.0536373374535
9130409I23RIK	-2.28856949794	2.39668508129	0.0831635395164
A930010M14RIK	-2.28396024469	2.61242743991	0.0607673393154
MMS19L	-2.28293396327	2.4686439392	0.0997651225635
KRT2-8	-2.28157035727	3.72506458933	0.0299771035212
C530008M17RIK	-2.27154524327	7.2903780769	0.0155658276557
V1RJ3	2.26798928778	-6.88379528014	0.00333295365555
BCAT1	2.26740681459	-4.52436640997	0.0117365374447
LOC381898	-2.26694785283	3.48064227651	0.068345677545
PRR15	2.26619474673	-3.07132788801	0.0621481502994
MILL1	-2.26589405997	3.70858216329	0.0422911768152
4632422H02RIK	-2.26388080952	3.10858626864	0.0813885340591
KRT2-PS1	2.25633975326	-5.81048037971	0.0212767339012
NPTXR	-2.25442127553	2.50352269798	0.0708315441057
D130079A08RIK	2.25096157353	-3.0027198555	0.0398426450513
LRRC17	-2.25022662953	2.94903926376	0.0420265556333
LOC381855	2.24977830913	-2.79308356292	0.0492962354132
STMN2	-2.24977830913	3.18084068137	0.0560477140959
APOL2	-2.2496779198	6.3978156799	0.0130065381288
GPR3	2.24654628305	-2.55826610776	0.0776393230926
EG368203	2.24462236872	-2.62175627165	0.0626227505364
AW538212	2.24462236872	-3.71463423	0.0208642388324
LOC636677	2.24408749244	-2.79024852051	0.0494291346883
HS6ST1	-2.24243595251	4.94330822353	0.0377331875864
9845300_2519	-2.2370391973	2.45676907456	0.078009344611
4932441B19RIK	-2.23379718461	2.36227795631	0.0857716986306
LOC633936	2.23029761942	-2.86174308066	0.0458791379272
VSIG2	2.22571277963	-4.09236150412	0.0193669952967
NKD1	2.22478693648	-3.4347826087	0.0380529766121
NINJ2	2.22339255659	-2.76924934763	0.0530131486816
GRIK4	-2.22019820792	3.68721958056	0.036904547448
SORCS2	2.22019820792	-7.54269896604	0.00175685137037
LOC382419	2.21790503034	-2.70358877516	0.0538940883989
CHMP4C	-2.21631790693	2.70848257565	0.0536515686949
TCHHL1	-2.21631790693	3.48043752683	0.0406384717324
SMOC2	-2.21299372333	2.90700949867	0.0439776598359
LOC236856	-2.2108967825	4.24883885067	0.0151809101192
V1RB1	2.21035986584	-2.37456400564	0.0807719514737
GFAP	-2.20577770749	7.53530400767	0.00218041694087
TRIM14	2.20163386117	-2.53949691592	0.0672462744459
COL8A2	-2.20163386117	4.07410857191	0.0232907459603
D130047L08RIK	-2.19774868367	5.31933521249	0.00608494239926
ZFP239	2.19578706475	-3.40295138446	0.0421958314373
RHD	-2.19187376199	5.74003773981	0.0223877534552
C530005A01RIK	2.18657624199	-4.23919947428	0.0169322891187
LAT	2.1840351856	-2.72764711628	0.0770272149121
2500001D14RIK	2.18220333122	-2.59038026048	0.0946284390531
PRKAG2	2.1788887488	-3.1571082589	0.0481622404134
NEUROG2	-2.17805288233	2.85817849163	0.0832804029927
LOC266459	-2.17544200641	3.16288573202	0.0536371503353
CYT28	-2.16823665129	2.97378361019	0.0416127234902
LOC100043972	2.16799238891	-2.79415069896	0.0622022665507
AB182283	-2.1664511374	3.93212838846	0.0362514092874
LOC386350	2.16533773195	-2.76986731604	0.0505119798212
LOC384046	2.16397573511	-3.74703272434	0.0313311098885
4930438B07RIK	2.16397573511	-3.49348248736	0.0404219221455
KLF3	-2.1592180902	3.04158183113	0.0664080020565
RPL14	-2.15168942999	2.41607185659	0.0838117204737
A830073O21RIK	2.15055967658	-3.39944848468	0.0391066310322
GM550	-2.15010356053	5.6486260935	0.00583997933377
GPRC5B	2.14922600877	-6.65577509425	0.0151639407257
MYH10	-2.14353700063	7.7473674037	0.0109277115558
TMEM71	2.14056525017	-4.97086935874	0.0365360137063
MBOAT2	-2.13571480573	5.63787358581	0.0299731789489
SLPI	2.12859465741	-5.83038468679	0.00545625834711
A330008L17RIK	2.12810482575	-2.90672137058	0.0469726055988
PTPN5	-2.12681476135	2.35460036039	0.0810101451986
FZD6	2.12359937844	-3.1589308099	0.046906378598
SPRED2	-2.12146351249	2.55249960574	0.0964419633298
LOC381955	-2.11950709446	2.18367825108	0.098221585054
OLFR1477	-2.11547721742	3.39950051825	0.0380702019553
2610302F08RIK	2.11547721742	-5.7079967972	0.00802653014212
C130046N05RIK	2.11547721742	-3.32267151332	0.0489229021216
LOC100042145	-2.11128333353	3.80102107256	0.0234757032652
B3GALTL	-2.11030626192	2.7673442106	0.0565580223925
AK157302	-2.10426572562	5.09671430253	0.0354664292187
FAM132A	-2.09876087211	3.48494049149	0.0729040587012
LOC228966	2.09515723304	-2.49704030078	0.0923655983424
USMG3	2.09495593612	-3.17114759237	0.06630542609
FAM129A	2.09319511329	-4.17841109831	0.0522219387586
PRSS33	2.09264928797	-2.64183274674	0.0588685077607
EG386506	-2.0903206072	2.67739205767	0.0610905935665
1190008K20RIK	-2.09029846501	4.85460529252	0.0364619950411
B930050E02RIK	2.08988550352	-2.67220121635	0.0565954311539
AW125391	-2.08453351021	2.71959654308	0.0561721160087
2510003D18RIK	-2.08386728924	3.30279460067	0.0354069160991
EMB	2.08252960655	-4.93350742108	0.0285748942058
9430028F23RIK	2.08062931991	-3.07404633969	0.0460605313459
TCF15	-2.07576750762	2.62236881117	0.0645079553767
B230215E14RIK	-2.07507911679	2.37746227795	0.0762130409581
A930038D23RIK	2.07256862595	-3.25299096332	0.0693944873461
PTDSS2	-2.07143930045	6.33657450652	0.0187686322752
GAS2L1	-2.06572418222	3.97222499722	0.0334778601809
4930534P07RIK	-2.06228427825	2.36502650802	0.0772591920571
LOC382264	2.06131055339	-9.45825558579	0.000738967748446
WNT6	2.05703094504	-3.32633674318	0.0610361271803
LOC639001	2.05585323473	-3.58773654926	0.0365160286293
9430088L24RIK	-2.05274146207	3.55621305186	0.024020614766
CDKL5	2.05225623713	-5.41759342064	0.00770683396703
LCN8	2.04709977729	-2.84119763825	0.0830654386106
GRM6	2.04709977729	-5.65405760025	0.0187916741893
EOMES	2.04500973492	-5.90793387908	0.0164926234982
A130087I02RIK	-2.04264433741	2.34328289569	0.079196839483
LOC382555	-2.04168889629	3.70892312465	0.0600307902429
LOC277139	2.04134079538	-2.65463665336	0.0605729432434
MS4A2	2.03791955996	-3.1797886914	0.0421098920664
8030467N07RIK	-2.03727924838	4.27547640014	0.0422091132995
2210407C18RIK	-2.03719861795	5.60730420658	0.00821427157721
ATP2C1	2.03413032603	-3.33768675681	0.074608825688
PLA2G4C	-2.03405417844	2.78337550791	0.049836516615
EIF2S1	2.03242147769	-5.04975246918	0.0254921652752
FCRL1	2.03211756047	-4.1046086661	0.0151054025649
FECH	-2.02997982309	3.80863835495	0.0593513401323
LOC235279	-2.02834462569	5.67649563901	0.021914359452
LOC100044727	2.02615228786	-2.81744565165	0.0787435788389
HEXIM2	-2.02156534983	3.07078774544	0.0914190869448
DQX1	-2.01885902725	4.07414828038	0.0213854687898
G6PD2	2.01559685505	-2.58023423271	0.0617691826731
GPR146	-2.01497277439	3.34800924417	0.0754129743539
B430108N21RIK	2.01088831614	-12.5	0.00135252316539
SCL0003313.1_43	2.00765357254	-2.25538932986	0.0871598118705
SH3GL3	-2.00590060144	2.66024868704	0.0770018089346
1190028F09	2.00493229554	-7.54249179437	0.0024381968379
GATA1	-2.00165604959	4.33722775819	0.0413050995918
ALDH1A1	-2.00034416022	9.65700194303	0.00928924618751
FN3K	-2.00031259869	4.22949914953	0.0316771604642
PDIA2	-1.99780712066	6.55770783891	0.010339152075
5830416P10RIK	-1.99291057521	2.73529985285	0.0662265199357
SLC38A5	-1.9926324776	10.9174692482	0.00180412777636
IL12RB1	1.99262046963	-3.25814945155	0.0405265830825
PPP4R4	1.99196268093	-2.37923976117	0.0865394659594
SYT5	1.99021897921	-3.12379008836	0.0748622622897
UBD	-1.98926633842	3.64445409812	0.0517405948179
LMCD1	-1.9886132397	3.42858147901	0.0307573315516
ADD2	-1.98623809876	8.12709056996	0.00423528436229
GM73	-1.98154309529	3.83367804838	0.0196965357574
2410017I17RIK	-1.97943867752	3.35038688078	0.0357076149824
ADAMTSL4	1.9771197753	-2.71063660722	0.0735741554143
9030425E11RIK	1.97437419232	-5.14246903492	0.0133164649352
DNAJB2	-1.97079864995	3.96630031777	0.0567311293199
IL20RA	-1.97012947042	2.91999528142	0.0650713437427
CPEB3	-1.96898277233	4.02932172518	0.0452737192991
LOC230639	1.96874906602	-2.920251505	0.0687088791419
KLHDC1	1.96790637029	-4.0524572199	0.0332090029737
6330562C20RIK	-1.9676143172	3.71932296334	0.020487439778
CYP2B19	-1.96683313606	2.97112541083	0.0697391685986
SEC14L2	-1.96563557503	12.4125906492	0.00122361983174
1700015E13RIK	-1.96541976829	2.58815723275	0.0652513153274
EG632802	-1.96331257702	3.36921300788	0.043703354363
EG624866	1.95988978663	-3.11984978126	0.0876437086917
NIBAN	1.95921768576	-4.26940193684	0.0487047788729
EAR11	-1.95669788896	3.57533983669	0.0386609167681
ARTN	-1.95009509417	3.80077586878	0.0199403854083
SMAD2	1.94650773398	-3.45619796047	0.0413507142142
IDI1	1.94538507295	-2.24589100712	0.0880623379339
1700019J19RIK	1.94460176134	-3.03399182316	0.0839690191653
LOC215253	-1.94189704544	3.34893783391	0.0404257364405
LOC276837	1.94062145292	-5.17826268474	0.0111374551049
LOC245069	-1.9402485253	3.38795042614	0.0738061736167
SPATA7	-1.94005745954	2.69059465749	0.0611718965671
B3GALNT1	1.93706874427	-2.15853648994	0.0970481366129
7420426K07RIK	1.93643487122	-2.92857142857	0.056415910097
SIDT1	1.93306377183	-3.61352129933	0.0234610884402
VILL	1.93059399263	-3.01910372444	0.0404110434124
RAB3IL1	-1.92921624331	4.58396074157	0.0365540214802
LOC677375	-1.92866121828	2.63038379689	0.0774641751873
HEMGN	-1.92725845813	3.65028144024	0.0476665394442
COLEC12	-1.92599941856	2.19737733521	0.0932856712553
LOC382866	1.92171524305	-4.18351356091	0.0318521175162
KLK12	-1.9213901653	2.77896162932	0.0562505133161
SLC34A1	1.92101170385	-3.56652077276	0.0617928972541
C730031G09RIK	-1.91874967948	3.22224368406	0.06499766172
LOC236356	-1.91825685056	2.17528824722	0.0959750396149
TMOD1	-1.91551267816	2.97555130499	0.0920397604847
CC2D2A	1.91212724397	-4.15017508811	0.042078987093
2810029C07RIK	-1.91114006861	2.48971393873	0.0699702411711
BPGM	-1.91033907438	5.82948855016	0.0239971819374
A130041O12RIK	-1.9099246557	3.93551358123	0.022392007179
B230353G19RIK	-1.90149445505	2.77179890215	0.0554264782826
4930527E20RIK	1.89812038598	-2.65165042945	0.0758555441729
2410018L13RIK	-1.89812038598	4.821182599	0.012190676075
LOC386567	1.89710009242	-6.56524478023	0.00348278668472
CLDN5	-1.89701168657	2.48832873175	0.0837588312979
SCL0002474.1_1	-1.89586918952	3.10147558106	0.0417924403125
LOC625123	1.89581114973	-3.59512907914	0.0332305922167
AI661453	1.89530262133	-2.42857142857	0.0880936162324
SMOX	-1.89362390913	6.77316210813	0.00958597954437
POPDC2	-1.8920319857	7.11330281065	0.0141207354635
SERPINA3H	-1.89190371125	2.19409133494	0.0979575418065
2810402A17RIK	-1.88720822975	3.18524765928	0.0402695465514
PBX4	-1.88582898008	3.06445418938	0.0376851141178
8030476J24	1.88513604297	-3.41277875397	0.0549198334758
LOC100044529	-1.88163780368	3.27944495891	0.0310704610719
GPR103	1.87890818308	-4.05261449074	0.0157213568031
TAC2	-1.87446911792	4.15486218648	0.0231977788569
PCDHB1	-1.87446911792	2.25886553346	0.0923346399862
SCL0003253.1_81	1.87296943479	-4.88393406495	0.0107044561302
A630090P18	-1.87214078166	2.78687193113	0.0913352424597
4632418H02RIK	1.87016256236	-4.02990062035	0.0239488393483
LOC637908	1.86835599419	-2.36475846889	0.0865035588554
SOX6	-1.86404309212	9.31745542427	0.00217204868985
GAN	-1.86267590477	2.82780304342	0.0904532853237
PPEF1	-1.86161651584	2.39350791876	0.09965093838
FCER1A	1.86050183616	-3.44240118452	0.0648776438351
ARHGAP12	-1.85895611854	3.04545454545	0.0459123951009
6330505N24RIK	-1.85584901559	4.96593994618	0.0250654401835
LOC332788	-1.85312273043	4.79822074692	0.0119814478431
SC4MOL	1.85235421191	-3.8821011723	0.0242919687091
TRIM2	-1.85069605616	3.0750737726	0.0408798337754
KCNAB3	1.85042364395	-3.30769230769	0.0364869170121
AJAP1	1.84950837347	-2.25292986215	0.0947694931594
PPP1R13L	-1.84754401217	3.3142449018	0.0315483020474
A430043M19RIK	-1.8462905846	2.63479869802	0.0974265420774
SCRN1	-1.84582906987	2.24289270488	0.0885224593733
USH1C	1.84377232069	-3.24246065159	0.0407785936091
2810455B08RIK	-1.84149352435	4.12915571868	0.0535515464787
A130056J21RIK	-1.83944504369	3.17979926222	0.0574546809483
LOC383811	1.83650126772	-2.88760026564	0.0715841870365
9130604K18RIK	1.8342003182	-4.18443029617	0.0313401006871
GPT2	-1.83416775319	3.30455871906	0.0300480473508
CYP2A4	-1.83378304734	3.38646522471	0.0299045292711
SENP6	-1.8295317129	4.67091808194	0.0193602265438
CLIP3	1.8291154408	-2.30089496654	0.0832742478048
LOC638050	1.82790775398	-10.9431626593	0.000427873949616
6430628N08RIK	1.81991838352	-2.75623619174	0.05107818242
PKLR	-1.81958698343	2.32288601484	0.0930958710963
SUOX	-1.81561008862	6.99869974529	0.011043397141
L1TD1	-1.81496810617	4.68501516418	0.0194931713028
LOC622665	1.80914597758	-2.49465214323	0.0778977880864
381484	1.80841523577	-2.6381899287	0.0829054787342
PAQR9	-1.80469731741	4.44993988166	0.0418253822933
LOC382744	-1.80302466856	5.1730199241	0.0120938525603
B930036M14RIK	-1.80194142587	4.25082441377	0.0207489864882
G6PC2	-1.79606911451	3.27544474584	0.0727424519298
A530095B06RIK	-1.79595015879	2.45133024912	0.0705535052397
GJA4	-1.79390939099	2.48456245959	0.0808567180299
UBE2G2	1.79340536337	-6.10055898863	0.00370431601007
4930486I03RIK	1.79141337819	-4.75270820629	0.0291577611123
1110020G09RIK	-1.79064756566	2.78257721176	0.0954051203008
WDR48	1.78875770318	-4.31840443143	0.0290727458328
CBL	1.78649631716	-3.98350108217	0.0483410298256
F8	-1.78565985096	2.83772701484	0.0552830346555
1190007F08RIK	-1.78286233348	10.0540089047	0.00164582284494
D030044A08RIK	-1.78101603741	2.8862755365	0.0472518382891
DNAJB4	-1.78044114287	5.24954273553	0.0235699767887
SLC1A4	1.78021879212	-2.98481002898	0.0752066008413
SCL000648.1_30	1.78001006888	-7.02240204167	0.0136802796392
GALNT3	-1.77904955284	5.35729606406	0.0272068422155
1700061J05RIK	-1.77702384609	6.51607543928	0.00480580870311
LENG1	1.77432499467	-3.41982082773	0.0376840055654
GALC	1.77389216316	-2.51199487767	0.0916986292069
LOC380691	-1.77206807242	4.78916124425	0.0164571758491
TRIM37	-1.77042835306	3.19781986418	0.0406926574839
A930014I12RIK	1.76918021903	-2.84022552431	0.0471252641733
JOSD2	-1.76873985553	7.57623396213	0.011947737799
RFX2	-1.76873420784	4.19438897501	0.0517138797571
LOC330474	-1.76553474636	2.46950925635	0.0755805224059
A930005K01RIK	-1.76553474636	4.57532530097	0.0159988318258
2810441E16RIK	1.76366838771	-3.80644511194	0.0201487292381
LOC386099	1.76203093155	-3.14780705395	0.0354283550344
LOC234911	1.7603822586	-3.38750094106	0.030242503548
GLS2	-1.75978367651	3.12433032825	0.0530814315992
ORC1L	-1.75765766916	3.62873533501	0.062472691615
FSTL3	1.75633091903	-2.21052505064	0.0977401382563
PRCP	1.75256021947	-3.63533145761	0.0313611436113
AYTL2	-1.75184944368	5.28327113134	0.0237153417373
GJA5	-1.75002174699	3.15296312547	0.0483865506054
2610103N14RIK	-1.74679070987	2.99356889339	0.0836478029245
TRY10	1.74637304742	-2.69491744862	0.0763901194685
LMNA	-1.74614739941	2.86701970966	0.0868209793983
SLC25A2	-1.74322458464	4.36089340667	0.0182804414298
CSNK	1.74193184706	-2.27172055626	0.0859950877819
MJ-125-6_53	-1.73831327763	2.91407752575	0.0979606819008
BC117090	1.73760100269	-3.24963849927	0.0343758350539
2600006K01RIK	-1.73759435645	5.98627474223	0.0120835032847
TSPAN33	-1.7371439768	6.83290718953	0.019967997872
E030022B18RIK	-1.73623307572	2.88284518828	0.0930419977297
OLFR351	1.73571053098	-2.40865429418	0.0743509110736
1700006J14RIK	1.73389276012	-2.37431939304	0.0873803986806
CD226	1.73360658208	-2.46033915653	0.0829387358459
ANK	-1.73250960629	3.89067308865	0.0442954331796
C130099A20RIK	1.73161235967	-3.05190515709	0.0535720843487
1110037P13RIK	-1.73017057362	13.1331566743	0.000955259671367
1110012N22RIK	1.72845409431	-2.72339923792	0.0555870236768
GPC4	-1.72503538408	2.48439862016	0.0699447320514
RFTN2	1.72425454242	-3.11018171641	0.0358771803435
1700010C24RIK	-1.7215355536	2.69663131497	0.0627974439289
C730029A08RIK	-1.72017235677	4.91246198833	0.0347660861387
D830035G05RIK	1.716207034	-3.4729725685	0.0265924206536
RBM31Y	-1.716207034	2.64498609013	0.0660933310939
PDLIM3	1.71400444572	-4.55836467657	0.041434705753
CCDC11	-1.71247592406	4.65240201586	0.0383329089947
CYP2S1	1.71212152319	-2.32335145726	0.0809026069334
ENPP2	1.7118746132	-2.43889716012	0.0964470196022
OXT	-1.70729804365	3.05716593403	0.0384049561093
SYNC	-1.70561623981	4.43012475693	0.0338170952911
HMBS	-1.70410625986	7.37045989856	0.00897280105991
LOC386385	1.70200192191	-3.53899164163	0.0319878652296
ICAM4	-1.70083091641	4.66385435602	0.0349945482734
3110050L10RIK	-1.69811466519	3.04943039055	0.0402694590706
SNX22	-1.69451282143	3.30977002499	0.063202527222
B130065L01	-1.69267631802	2.32742946181	0.086868944859
KCNC4	-1.68911973201	3.91732966991	0.0321176372756
PCYT1B	-1.68634337485	5.8812173304	0.0104487606541
DDEF2	-1.68484286309	4.12992373979	0.028805418806
AFMID	-1.68423053768	3.36348946513	0.0615339828731
NAPRT1	-1.67525815649	3.40384671317	0.076276504228
1300017J02RIK	-1.67521802999	3.17215992433	0.076921440718
EG432907	1.673093411	-4.24538819138	0.0149910755473
ACVRIP1-PENDING	1.67155018572	-3.1015904007	0.0655071555708
LOC233711	1.66801824045	-2.36298982864	0.0839166491035
PKHD1L1	-1.66710333422	3.14798797848	0.0764340355384
H2-AB1	1.66441401976	-3.18938380475	0.0477810146297
LOC384538	-1.66292448183	4.23910131555	0.023804735688
LOC386196	-1.66207142642	3.09429485238	0.0864716731289
ABCB6	-1.66007865956	5.38927666901	0.0253006238803
SLC43A1	-1.65886116453	4.8637008448	0.0350854464557
LOC210619	-1.65849153614	2.43305675362	0.0730410578356
1190005F20RIK	1.6582838841	-6.74855033908	0.00457368083368
4933404M02RIK	-1.65770500739	4.34594024917	0.0242715012567
LOC381895	1.65578383791	-2.72667977744	0.0534021145178
BC062115	1.65478395022	-2.26472587923	0.0897897416229
ZSCAN20	1.6526012176	-2.74327647176	0.0536676335024
9030227G01RIK	-1.65219701642	5.18829354387	0.0121375590235
PPAP2A	-1.64865880687	4.91383771074	0.0115152841928
STARD10	-1.64595338865	5.71681915869	0.0260735148068
ELL2	-1.64477189596	3.88555448196	0.0482232808022
2410072D24RIK	1.64474677284	-3.14789765418	0.0868874905822
ERMAP	-1.64299399417	8.14264080953	0.00290224401316
2210409F01RIK	-1.64210640782	2.27509479759	0.0861784625501
A230091C07RIK	1.64138793418	-2.43653022486	0.0796534360779
A830048E23RIK	1.64126994162	-2.43815001009	0.0775163810579
SPECC1	-1.64051129442	5.02052036589	0.027695503226
C230059C13RIK	-1.639282142	5.25558927019	0.0176692642543
GINS1	-1.63832393287	3.47089006385	0.0638883123054
SIRPB1	1.63753235201	-3.30908024014	0.0422773873411
FCGR1	1.63395515552	-6.0149798371	0.00564630838724
C330027C09RIK	-1.63346101841	3.20808926539	0.0767322595297
THEG	-1.63285719083	3.18290470372	0.0838780005441
TRIM65	1.6319381171	-2.47044384342	0.0723999637433
LOC100043991	1.63085726669	-2.18953421103	0.099062827119
CPA6	1.63005039025	-3.55332055358	0.0294588008787
GBP6	-1.62980663257	4.51337089248	0.0419305672988
8430407G10RIK	-1.6295584436	4.59916640341	0.0252405029395
RUNX1T1	-1.62788336763	2.97408958258	0.041475717695
EPOR	-1.62521694086	3.38393531656	0.0765539937145
FAM120B	1.62321801973	-2.78616291745	0.0569581614691
A930026I22RIK	-1.62295812871	6.02679021405	0.0206436179633
SPHK1	-1.62022242784	3.70143429695	0.0625527761061
ARHGAP24	1.61934884806	-8.61317632683	0.00125222644127
ARMC9	-1.61632667163	7.502016714	0.0173082578401
SLC22A4	-1.61382434656	5.16662073483	0.0274704841398
GPN2	1.6132380218	-8.64143680505	0.00167699938579
SAMD11	-1.61300240025	3.70529801325	0.0524219096169
GK5	1.6127074912	-2.77795481731	0.0501274242014
A130027D22RIK	1.61199270669	-3.16115022143	0.0743802500951
TLR8	1.61175071144	-2.42547816826	0.0750846883861
9530027L17RIK	-1.60973040587	2.21592121814	0.0928166297032
5830484A20RIK	1.60959447782	-2.70579634093	0.0706686470711
2310076L09RIK	1.60926109684	-2.76682951055	0.0546036856493
GCH1	-1.60741372519	5.11304175056	0.0186748376126
A830097B02RIK	-1.6052824851	3.06585678185	0.0385018072522
AQP1	-1.60525465499	8.34353933759	0.0027277521771
SYTL2	1.60465830206	-6.4037776508	0.00546538371794
LOC384258	1.60218891483	-3.62261368455	0.0300635663174
LOC665425	1.60014890454	-2.80658566178	0.0671969124536
HCN3	1.5988346753	-3.06970306757	0.0760494764321
LOC382175	-1.59854090722	4.41728475199	0.0140648794957
ZCCHC18	1.59557060029	-4.17765128321	0.0293566861559
PPP2R5B	-1.59458451248	5.9175181881	0.00432486509425
TMEM56	-1.59281980132	3.95291773959	0.0322888795752
DLK2	1.59276087128	-2.24455070419	0.0993557389747
ZFP650	1.59251589515	-2.56874864345	0.0674897630273
CLDN13	-1.59130900917	4.55364750612	0.0358191367715
2210023G05RIK	-1.58978574606	4.24822935161	0.0501111972026
LOC385461	1.58496250072	-2.99529586571	0.0433632175489
SCRN2	1.58496250072	-5.19615242271	0.0114179658018
A430088A22RIK	1.58496250072	-2.31952964755	0.0811924236507
EPB4.9	-1.5804134855	4.12388673874	0.0329149330278
A230021I18RIK	1.57703402912	-2.83708919461	0.0505927931393
LOC100045081	-1.57685745108	2.53602223491	0.0679544761292
SCML2	-1.57627154046	2.82516023316	0.0850191700551
9530061L16RIK	-1.57594562736	2.71616352976	0.0560526625505
2210010N04RIK	1.57228495833	-4.51735171452	0.0334232680025
UNC5B	1.56616490527	-5.10127034999	0.0133574646481
LOC218889	-1.56457071189	2.81947664105	0.0480562207456
CSRP3	1.5616134342	-4.02413986967	0.0457706312865
AKAP7	-1.55921816974	5.65327749449	0.0130900042154
SLC39A8	-1.55774103199	2.46503640833	0.0710790935097
GFI1B	-1.55684491593	5.38503377995	0.0169078264255
LOC229189	-1.5522654629	2.86605752111	0.0552403374264
GPR45	1.5522654629	-2.94388318903	0.0453555349268
5830419M17RIK	1.55198517827	-2.46202501291	0.082237512419
COBLL1	1.54942634349	-3.77914900647	0.0234324244322
B430007K19RIK	-1.54928352524	2.95397827831	0.0756323929095
D830007F02RIK	-1.54311475348	5.71626253418	0.00590281506697
CTCFL	1.5421293456	-3.89976451408	0.0337509791669
A830022J10RIK	1.54156990521	-3.33744726054	0.0419150545635
BC022224	-1.53825165923	4.68227840055	0.0379680984771
IFRG15	-1.5381366446	2.63830016361	0.0577836914194
CPA3	1.53592122402	-6.94392518031	0.00836461747703
EG625835	-1.5349398936	3.23093406173	0.0687851392205
BC048644	-1.53343220008	2.30845129219	0.0867888385863
1110029I05RIK	-1.53301281466	5.30822769789	0.00979184833765
DARC	-1.52748490451	2.83624271918	0.0944762110232
FHIT	-1.52666386016	3.61746207989	0.0535781716368
PARP3	1.52598281155	-2.83176502586	0.0754463351131
GM684	-1.52582737663	2.49928121084	0.0727376662762
CPOX	-1.52344974083	10.5605676435	0.000519226368495
ABCG4	-1.52171488396	5.89546651504	0.0254494805349
SCL0003476.1_2802	-1.5208499782	4.22205092975	0.0234969250456
B130011O06RIK	1.52047377427	-2.34070945271	0.0793318312602
MSCP	-1.52008156338	7.50028182224	0.0048580504084
HES7	1.51937415909	-2.67782219487	0.0643243081179
LOC672705	-1.51899923834	3.46044321427	0.0662802285001
MARCH8	-1.51663963615	2.82661546501	0.0980960630691
2900072M03RIK	-1.51651123104	7.00051804529	0.00337946601168
4930431B09RIK	-1.51502646539	2.74396721498	0.0958383309979
LOC382646	1.51478720666	-2.55919120232	0.0743007731902
1810048J11RIK	1.51392316379	-3.55807595965	0.0397073728471
4933411D12RIK	-1.51166521438	9.60731631381	0.00406343768167
SLC25A37	-1.5095929696	7.38458993753	0.00624872080841
ERCC1	1.50913343286	-5.23142989693	0.0106102645476
D630013A16RIK	-1.50901364749	3.73127026266	0.0436206705966
1700067C04RIK	1.50726014373	-3.05172400302	0.0454121091386
CSDA	-1.50662809079	10.6379013776	0.00290085574331
DNAJB3	-1.50327870313	3.27502330051	0.0378165894702
TSPAN8	-1.50265774909	6.07966846707	0.00539013565601
A930039H18RIK	-1.50208222865	3.06987542305	0.0546955899304
ENSMUSG00000053338	1.4970371831	-2.50472715	0.0766972603689
LOC272665	1.49615323376	-2.14996749939	0.0986128824059
GP1BB	-1.49609104662	4.60800255712	0.00997124145179
LY6F	1.49570376805	-3.40546365945	0.0272915548415
WBSCR27	-1.4955390506	3.02957876298	0.0462142523631
KRTAP16-4	-1.49476469175	2.74410649974	0.0517051991468
SFXN5	1.49401817597	-2.76745425254	0.0817021300141
MADD	1.49259848257	-4.55421882334	0.0103862937706
4833419P04RIK	-1.49136578167	4.34400486194	0.0340201213209
USH3A	-1.49084032336	4.83787797398	0.0283635245523
6430526N21RIK	1.49012268735	-2.56028015708	0.0738159036412
6030470M02RIK	-1.48716800549	6.21446372157	0.0179641169149
SLAMF8	1.48622544055	-3.20364360063	0.0335716031127
6430548O12RIK	-1.48589303982	3.07650226016	0.0370600608645
4432409M07RIK	-1.48583732512	5.32391417598	0.00678048290808
LOC100042104	-1.48393258049	2.47406934185	0.0732523689635
E130318P21RIK	-1.48278210591	2.82038037409	0.0957860988279
OLFR1093	1.48278210591	-2.76699295265	0.0506269299445
ZFP429	1.48203623797	-2.54102620201	0.0953175047536
1700028D13RIK	1.48051133676	-2.41422783561	0.087789638167
LOC434788	-1.48037359944	2.3022923324	0.0840875480034
RGS18	1.47999294112	-2.87865525485	0.0639942971491
A130015P11RIK	-1.4776857644	4.16107866373	0.0238903898557
A230093N12RIK	1.4766127784	-3.51729656369	0.0577838224819
D530031C13RIK	-1.4748396865	3.88043593155	0.0595426708002
CRAT	-1.47427439094	5.26836463642	0.0289388641763
4922501C03RIK	-1.47314849739	2.78392780732	0.0994040250243
LIN37	1.47312386036	-2.67442515116	0.0712864460221
LOC545289	1.47263380062	-2.471164426	0.0766806403707
UROS	-1.47079078499	4.93866141291	0.0330212958334
NTNG1	1.46890437126	-2.70643735372	0.0781031695237
PSMD8	-1.4685005307	2.48998469543	0.0905976970947
D330016G23RIK	1.46774184497	-6.59793846629	0.0187812193012
AV249152	1.46712601043	-3.12771621086	0.081642725892
NMNAT3	-1.46449792193	12.9373793619	0.000210666540096
LOC546006	1.46210575294	-2.23546355311	0.0998241667195
DECR1	-1.46028858037	2.35486695889	0.0792153749818
SEC8	-1.460172412	2.93710246938	0.0922019985701
9430020B04RIK	-1.45734830414	3.28687867567	0.0304162162645
P2RY13	1.45689746193	-3.26252148799	0.0761148942441
ART4	-1.45447031982	7.60721326002	0.00168609281733
ADCY6	-1.45440365902	4.82196641233	0.0313694569136
CD8B1	1.45254450251	-2.36637068356	0.081375703893
ISCA1	-1.45069431409	6.62908056061	0.0186640132411
ACHE	-1.4502692924	4.50110538953	0.0165319467209
ISG20	-1.44918890267	3.56763770858	0.0560977720054
RND3	1.44890787721	-3.44203148024	0.0420814028028
ATPI	-1.44589594982	10.1507180342	0.0025291720471
LOC245693	1.44340835651	-2.47297532062	0.0688527690126
NKX6-2	1.44292017259	-2.8145925166	0.063525827212
SSX2IP	-1.44242088422	9.29770591227	0.000907739496109
MPP2	-1.44189540642	4.46948791515	0.0398124058221
TLR1	1.44032563914	-2.29156427534	0.0837366965614
LOC380797	-1.43973332723	5.2854561309	0.0241233189389
A230091B22RIK	-1.43780880694	3.34861134943	0.0776965175393
TRIM10	-1.4374155136	4.58203232409	0.0210297455391
TFDP2	-1.43682962142	3.46909454895	0.0412863134926
SLFN14	-1.43582731333	3.37668155628	0.0542501781858
ERDR1	-1.4356462693	2.83564618888	0.0513122362272
MAP3K7IP3	-1.43519280594	4.86161216729	0.0217711047846
PRR18	1.43409583509	-2.92947937159	0.0670784338902
PI4K2B	-1.43282746754	3.45481348133	0.0678128004435
4432416J03RIK	-1.43270204154	3.06665337018	0.0749878476706
2310002F18RIK	1.43258192899	-2.60837420322	0.0595762252262
CLEC2E	-1.43238474284	2.77406519952	0.0506278872723
COX6B2	-1.4309221692	15.5811743449	0.000106873850577
NHE7	1.4288432988	-2.1676374508	0.0991847377562
MGST3	-1.42825984598	7.75016312537	0.00208492579177
LOC383406	-1.4267004168	3.35211905034	0.0336795023616
TRRP4AP-PENDING	-1.42582668497	4.59742810915	0.02051272287
LOC383809	-1.42550009785	2.49629115167	0.0684304787213
CDR2	-1.42522271722	4.0038432137	0.03368368808
ADA	1.42179572098	-3.12073249753	0.05164078622
SLFN5	1.42170122956	-3.17051634802	0.0679853426698
CCDC28A	-1.42025918433	2.62947440018	0.0775169807055
BMP2K	-1.42008483402	2.60319871816	0.0745773363855
B130005I07RIK	1.41731844053	-4.43964044038	0.016277855371
RNF123	-1.4162312892	4.41828900963	0.0461123540085
2510042H12RIK	-1.4157874781	4.42978519385	0.0124472424905
LOC224532	-1.41555413135	5.21057080293	0.00647502270717
LOC380716	1.41435164472	-2.56407938339	0.0853239530952
0710001C05RIK	-1.40924781873	5.63215626652	0.00495475032251
HEG1	-1.40880554557	3.8777262395	0.0206538059422
TAF6	-1.40831587074	4.48429786612	0.0418376979915
CLCN2	-1.40767470736	3.45653623289	0.0324353811757
AW146242	-1.40563820774	5.06094750818	0.0255686772479
5830476G13RIK	-1.4047829721	2.55932352623	0.0927726839375
RPSA	-1.4035783839	2.14648910672	0.0991686320983
4833412L08RIK	-1.4035783839	2.64262579159	0.0648016836377
SNX20	1.40357288581	-7.71508039401	0.0022276483657
MICALL2	-1.40237917013	4.71056978786	0.0206393869437
6030436C20RIK	-1.40156126702	4.37667754107	0.0417285708158
TMPRSS11C	-1.40109830832	2.19776902318	0.094242475473
GCLC	-1.40096846009	3.42392754802	0.0734341041562
ZFP467	1.40083046801	-3.00699293069	0.0475565893607
UFSP1	-1.40077884883	3.80758977133	0.0337524275042
PMP22	-1.39782294393	3.00949160344	0.0619846830897
2310040A07RIK	-1.39615948907	2.4396608535	0.0883809389231
KLHL7	-1.39486609371	4.42360957691	0.0442784243101
A930010I20RIK	-1.39485961734	4.38512203395	0.0130835499833
ARMET	-1.39391420771	3.2084447396	0.0727466897135
POLQ	-1.39201739261	2.32645448873	0.0814680401783
UBAC1	-1.39043200311	6.37151808004	0.0193287688369
4933409N07RIK	1.38970620932	-2.72896916935	0.0581305898368
2810453I06RIK	-1.38860970403	4.6367518684	0.0184441091924
4833412N02RIK	-1.38506096651	5.27025329962	0.0341470654089
2310022B05RIK	-1.38450100999	4.95170010146	0.0360347270848
SH3YL1	-1.38436112038	3.57078891695	0.0547517656044
LPIN2	-1.3808777555	4.30653238951	0.0350249260403
ABCB10	-1.38070750654	2.53581803021	0.0900927049423
STFA1	1.38059491788	-4.4701882311	0.0119638939113
ACVR1B	1.38008490044	-3.00506408981	0.0409792346075
FAS	1.37797050269	-3.38637312629	0.0657110637445
CTSE	-1.37545565982	3.92686550583	0.0210822146254
ACP1	-1.37459568769	3.76027792664	0.0563738327526
B130010N03RIK	1.37280926389	-4.07049941865	0.0323557320486
NFIA	-1.3701116284	2.54975067433	0.0841420857809
TUBA3A	-1.36861316219	4.08682778048	0.0336352942714
ASB6	-1.36638169333	3.54634623053	0.0571282661634
GIT1	-1.36438228292	2.40028542546	0.0874128234089
EG330602	1.36412053095	-2.49760992205	0.0685835380803
LOC384153	-1.36133647945	2.28078933705	0.0847989075105
EG623818	-1.36043986123	4.74661243739	0.0344168062943
A430105D21RIK	-1.35658574469	2.59692886109	0.0608908880699
A630054N20RIK	-1.35619492522	3.44880569614	0.0663283096755
HMBOX1	-1.35474672009	3.68915191172	0.0360415117087
LOC268730	-1.35444609375	2.83097745805	0.0698078691221
D4ERTD681E	-1.35431491282	4.18609367808	0.0389576465692
TOX	1.35304227405	-5.44253115512	0.00555117989834
MARCH2	-1.35272638161	4.66058095212	0.0233908300164
TSPAN13	-1.35236277035	2.36027935003	0.0780255764512
SEPT8	-1.34815727547	5.57575166655	0.0204862604146
PSMD9	-1.34734425664	4.78442683583	0.0405301658332
1810062O14RIK	1.34706799756	-3.62265158123	0.034573111208
LTBP4	-1.34670566792	2.89996678524	0.065405180767
ALAS2	-1.34523912076	7.92525658296	0.00391442345986
CNNM2	-1.3449880124	6.44192476989	0.0231668677851
CRIP2	-1.34308499355	2.83366198514	0.0471697742643
GM1964	-1.34084418588	5.21056936199	0.0265102714112
A930024K11RIK	-1.34050616933	3.31403734249	0.0404537641143
KIST	1.34037069984	-2.53048576541	0.0690598391055
BC018371	1.34001045387	-2.5330848091	0.0704845088843
MINPP1	-1.33953978626	6.50480416634	0.00669528719707
TMEM41B	-1.33802295548	5.85201240309	0.0149259248027
RIPK4	1.3375813592	-2.26448823727	0.0875510602992
FAHD1	-1.33723169356	5.52175485698	0.00692725824498
RANBP10	-1.33477817739	5.01851594941	0.0247166306477
TTC39B	1.33342373373	-4.68440903407	0.0118319419221
IQWD1	-1.33023755784	4.59247572395	0.0284851781546
2700097O09RIK	-1.32990255005	11.577203269	0.000361837621197
BATF	1.32959375757	-8.34021923734	0.00910659058195
CLEC4N	1.32926592103	-4.2470216881	0.0485352475181
B930085E10RIK	-1.32796869704	2.55054864345	0.0734429558052
ZFP11	1.32750193971	-2.58535916871	0.0725900851018
2310004H21RIK	-1.32725107199	3.95131254304	0.0543668263571
21716071_3233_RC	-1.32698132261	2.18299425504	0.0955589216113
VAX2	-1.32610377086	2.36363636364	0.0823384177794
D5ERTD579E	-1.32556136684	5.34539526385	0.0181293794281
SPIRE1	-1.32446929436	4.85279596555	0.0335250809244
ZBTB34	1.31978918413	-5.08830649078	0.0195650651666
2010001F03RIK	-1.31834699287	3.76197622835	0.0229078627157
LOC620628	-1.31807576939	2.16832865945	0.0960449708253
LOC100046690	-1.31806926162	5.32010517143	0.03318586264
EPDR1	-1.31738386522	3.43768409969	0.0271761439588
C230098O21RIK	1.31695423232	-2.58834988455	0.0620659736873
TMED8	1.31679698678	-3.17894088989	0.0339676597487
SAMD14	-1.31586793998	4.91920938174	0.0317336771841
SLC6A9	-1.31553202292	3.70912363064	0.053511727477
CD48	-1.31101802832	2.27050278399	0.0861262654955
E230029F23RIK	-1.30793094381	2.53235227915	0.0710359518145
ARRB1	-1.30748828303	4.06962018328	0.0416219099454
L3MBTL3	1.30494198316	-2.86560295007	0.047774978251
LARP2	-1.30394234941	3.57559382548	0.0345042614731
IFRD2	-1.30279978251	6.53434807216	0.00327509759842
A430023D23RIK	-1.30081320027	5.92066528706	0.025891340324
C130032N06RIK	-1.29888434294	3.71707663968	0.0334821078086
RNF19A	-1.29734076362	3.0558425719	0.0768036866987
PGBD1	-1.29673133508	2.68798116036	0.055551181403
ZCCHC3	-1.29248761847	4.03071061447	0.0302247337707
9130005N14RIK	1.29231643878	-3.00380669168	0.043769924353
LOC232065	1.28891346153	-2.7975005621	0.0515412843117
NEURL2	1.28849113532	-2.49315527387	0.0924996374398
RBBP9	1.28822793734	-3.04650123403	0.0598503871983
HLCS	1.28754604167	-3.74777117365	0.0215817709898
TRAK2	-1.28705385618	4.23244554158	0.0230524798228
ESD	-1.28573368688	8.61670387105	0.00406565502694
2210414H16RIK	-1.28330680086	3.49285951484	0.0593852579635
OMP	-1.28010791919	2.92597347129	0.0591798844519
LOC100047653	1.28010791919	-4.43093129871	0.0119742877978
PCNA	-1.27964389334	12.8658907452	0.000306179442946
6030458C11RIK	-1.27817957883	3.84837165731	0.0285235023564
LOC386405	-1.27734749994	2.13998301646	0.0997225052933
HAGH	-1.27663546612	9.46014769528	0.00522507857937
AKTIP	1.27566856945	-3.83653296051	0.0609842927826
KLF1	-1.2708652696	3.94030618653	0.0453310917329
9630046P06RIK	1.2705368693	-2.76732363675	0.0680613770734
MGLL	-1.27037638117	4.9060946382	0.0361543838743
A730029I18RIK	-1.2691159038	3.03940186447	0.0737730986059
ZBTB11	1.26893500727	-2.78727601127	0.0649582172785
EG433016	1.26552531158	-4.20469339181	0.0151027700995
CDC6	-1.2643605291	8.39486360596	0.0118193971411
6720480F11RIK	-1.26415756279	3.70398598744	0.0208888135497
B3GAT2	-1.26394178718	5.1842775652	0.022944808022
5830410F13RIK	-1.26215229328	3.53869347363	0.065482271841
OPTN	-1.2620957858	4.45569761836	0.0412304439167
9030619P08RIK	1.26205663891	-2.93941948621	0.0892594768408
E330037N20RIK	1.26197007894	-2.26734573282	0.0865072738511
LOC100045981	1.26143526097	-2.76788094918	0.0673485646455
LPCAT3	-1.26089488767	4.28809082118	0.037508137685
9530005P22RIK	-1.26012598321	4.20371458629	0.0414451503018
PGLYRP	-1.25945730227	2.32902742029	0.0949402875835
B230107H12RIK	-1.25881133421	8.59213487204	0.00127875367654
SPNB1	-1.25870360792	4.80874102011	0.0147836537275
SCL0002007.1_97	1.25749334785	-7.52262177777	0.00170172684612
LOC677008	1.25631965063	-2.56100235402	0.069139177016
D14ERTD500E	-1.2561932347	2.36576759648	0.077434273349
CCNE1	-1.25610193985	5.21286729482	0.0276772462825
MTDNA_ND4L	-1.25584755074	2.87004647885	0.0595336138921
STXBP4	-1.25467785348	3.17962910816	0.0630017010965
6330444G18RIK	-1.25252813931	2.62846854939	0.0954117725119
A730068E08RIK	-1.25199380407	4.09006555022	0.0342784615636
CD59B	-1.24996750263	2.98222337372	0.0526993287259
CETN4	-1.246614523	3.99349450346	0.0316692887175
PIGB	1.2464378953	-2.99068843073	0.0498798797451
ZFP39	-1.24543744579	2.37927268124	0.0768053093968
RNF139	-1.24472560788	7.21614045447	0.0050771932785
AI115600	-1.24419259748	7.8055061481	0.00158459813077
TSPAN14	1.24407006873	-3.37051715807	0.0311807613713
ANK1	-1.2432651095	4.97956177671	0.0343578858301
BC044804	1.24127272517	-4.18382302672	0.0198133959909
TMCC2	-1.24126237076	2.44672832111	0.0914664884987
1700023B23RIK	1.24075925172	-2.74420094976	0.0520119512548
LOC631105	-1.24051696927	2.65044930466	0.0747577250494
D430034D15RIK	-1.24049706729	3.21120552378	0.0733403654055
LOC100044101	-1.23759632997	8.70167852265	0.00815339814432
EG625349	1.23468120978	-2.35212577624	0.0828886417862
MYLPF	-1.23366903989	4.03838243084	0.0556912174261
KCNA3	-1.2333427209	3.36204205955	0.0341204273245
3110056O03RIK	-1.23328385542	3.87383300846	0.0522545594516
3300001G02RIK	-1.23261753502	6.05111852018	0.0198911763989
SERINC4	1.23058026988	-3.41431560059	0.0536476618928
LOC237459	1.23049178319	-4.36392515463	0.0228176782659
SIAH1A	-1.23014486826	3.28631873436	0.0399982143474
GYPA	-1.22978462421	4.61636099284	0.0224503209904
9330185J12RIK	-1.2294094344	4.44298113698	0.0175193556153
SH3TC2	-1.22618213303	12.7123940244	0.000325485433663
PRNP	-1.22302405651	9.61097048998	0.000675138090698
OLFR1008	1.22239242134	-2.36889823169	0.0930324755024
6330414G02RIK	1.2212809459	-2.96153702537	0.0415330989173
SAPS2	-1.22021558948	5.32447180479	0.0270752291675
IDH1	1.21842994944	-3.03944342919	0.0504629102945
CD160	1.2182748444	-2.18032786885	0.0984379608591
COX11	-1.21544644611	6.95805972247	0.0132069622687
2810037O22RIK	1.21541865529	-3.65584442381	0.0397464734887
KCNN4	-1.21458382325	7.72697490863	0.00157573997436
CIT	-1.21259146625	11.7228915663	0.00086822767615
PAQR7	1.21078964905	-7.12458080329	0.00424559993717
SERTAD2	-1.20987850486	3.55246003697	0.0520870312657
CAT	-1.20971094584	4.11579510465	0.0497199494265
TXNRD2	-1.20919400351	6.37677609474	0.0181900461624
E230016K23RIK	1.20867848688	-2.29983926795	0.0982563001731
KEL	-1.20783772205	4.21415401087	0.0457741688165
C330046L10RIK	-1.20732497325	3.20290105965	0.0347473433168
DFNA5H	1.20425322363	-3.3365823207	0.0663759254525
CAMK2A	1.20374666854	-2.3522106064	0.0806172084676
6030449M12RIK	-1.2025578413	6.28810457636	0.00386602559159
6030419I20RIK	-1.20182804584	4.93878455901	0.0301396815333
PSCD3	-1.20082498541	3.86036070729	0.0601399058964
LOC230896	1.19961180329	-2.54861567849	0.093076906842
SIGIRR	1.19507430257	-4.81383150943	0.00987095199452
HS3ST1	1.19368997119	-3.75756668208	0.0550580422727
RDH12	1.19183536838	-2.20707870251	0.0939921473512
SLC30A10	-1.18750931381	3.98089486074	0.0412547646445
NIPA1	-1.18739705464	6.00960428537	0.0247397536406
F830116E18RIK	-1.18716668656	4.88222168789	0.00970061305588
C130007P11RIK	1.18580338141	-4.45649603004	0.0194179377958
ODC1	-1.18579101502	5.28195176245	0.0065234395707
PLEKHG5	-1.18531553614	3.17778126506	0.0630485343724
GLUL	-1.18509673843	3.05014020012	0.0384733365867
DDX60	1.18339828972	-2.63956271222	0.066156359497
STAP1	1.18335499971	-2.96665832792	0.0465767992102
BATF2	1.18241594563	-2.71866206794	0.0856951730507
PSMB8	1.18145969676	-3.43096543235	0.0365048607346
SELPL	1.18095740737	-3.49173312363	0.0588459956688
NFKBIL2	-1.18055591919	7.31627818662	0.00328479490965
LOC100046855	-1.17916982397	5.61230729839	0.0158853838662
CARM1	-1.17697180694	4.38487413229	0.0429958302032
RAB13	1.17531826021	-3.26044605454	0.0312183972153
MEMO1	-1.17224800947	4.36090406737	0.0370327987557
LOC227078	-1.1719874679	3.07113308196	0.052628231788
LOC100041585	-1.17174958122	2.79855640973	0.0520469165199
CCDC125	1.17137421808	-2.68419906116	0.0806151314784
ZFP800	-1.16987249494	2.86045077033	0.0896222541002
CRTAC1	1.16970388181	-2.30159870541	0.0832453918424
2310008I22RIK	-1.16961681888	3.61961153929	0.0569487027717
GHITM	-1.16865641181	2.96834587729	0.0780915187071
SPATA5L1	1.16617641177	-3.24874434331	0.0356886714787
3110004L20RIK	-1.16568276272	3.17701160017	0.0346876096061
E330019D12RIK	-1.16555098584	2.90005204696	0.052002859285
FBXO7	-1.16479431283	3.27649809456	0.0738166989487
HRAS1	-1.16453028731	8.0637298127	0.00636571373898
CTSC	1.16365742424	-3.27314787393	0.0385553941434
1110029L17RIK	-1.16302449954	5.43027656611	0.0196747601444
E030040E19RIK	-1.16298284889	4.00482151311	0.0298798140777
DYRK3	-1.16214099538	3.06477897519	0.0539936374523
LOC234360	-1.16128883391	3.96178936901	0.0441996840804
AKNA	1.16116918564	-4.51310715228	0.0399735208762
9130020G22RIK	1.16096810767	-4.20931610081	0.0161524443469
EPHX1	1.15787596048	-2.72972851473	0.0712524208672
A830081L15RIK	-1.15708110553	7.35632296543	0.0109075718781
ITGA4	-1.15665462409	2.96329126156	0.0766614676764
MYBL2	-1.1564482185	5.6047502409	0.0249154564955
LOC383605	-1.15556970847	3.27680182001	0.0564921242585
C1RL	1.15473447641	-3.52894148428	0.02588634751
ABCB4	-1.15466747098	4.78732907866	0.0262487561812
GM885	1.15448309875	-2.3148968287	0.0961113179171
LOC384646	-1.15432814639	6.18834511609	0.00347582655018
LOC100045802	-1.15408640795	2.45649580569	0.0855912749968
ES2EL	1.15372777391	-2.34951391429	0.0909792540935
PSMF1	-1.15320218282	22.8064366608	8.79177260706e-05
BSDC1	-1.1502438488	5.04863696883	0.0165095069819
ZFP67	1.1494732438	-3.04296046834	0.0653100221166
OTTMUSG00000016790	-1.14945137705	5.28980840974	0.0308797910465
LOC631037	-1.14867672453	4.22986242735	0.046707825766
F630111L10RIK	-1.14761253937	4.20903302486	0.015869123481
GM867	-1.14739570043	2.84288272623	0.0723903687565
SLC11A2	-1.14642031008	6.2573705253	0.0238860276924
1110068E08RIK	1.14613147546	-3.63543487093	0.0224903594991
ARL13B	1.14543043952	-3.11085508419	0.0361582789823
RHAG	-1.14521502349	3.47539730927	0.0676902576245
OSBPL3	1.14489152439	-3.12172851428	0.0385205755531
TSC1	-1.14341924722	4.05388348277	0.0287512590947
THEX1	-1.13994640418	6.06288266748	0.0050684720485
LOC100048313	-1.13960154665	3.68401816909	0.0576549268378
DSCC1	-1.13525982961	7.34098224808	0.00391420147714
BC037527	-1.13499121133	2.73686175615	0.0562023771937
BIRC6	-1.13420027093	5.86911960054	0.0175505096152
ACBD4	-1.13218714017	2.81392307373	0.0768015090446
PIGU	1.13201344665	-3.37357934524	0.043550362612
A630038E17RIK	-1.13148392514	4.03328398196	0.0168670061223
PKMYT1	-1.13112172877	5.20792322453	0.0174070706272
DAPK2	-1.13095225142	4.23423999394	0.0155428166663
A930005H10RIK	1.13075118357	-7.03302222818	0.0157793801189
BC008163	-1.12950059265	3.25691924374	0.057669383782
LOC100042199	-1.12937400714	4.13406073922	0.0398830838432
9430088P09RIK	1.12762442886	-3.82343785654	0.0267900626465
MNS1	-1.12740308886	3.56378190378	0.0278527146416
ARRDC2	-1.12560844425	3.4281398713	0.0685629986646
BOLA3	-1.12541514334	4.43121881481	0.04488117993
FBXO34	-1.12472186757	3.02220438293	0.0662250002381
PIGS	1.12398871728	-4.64810516074	0.035247267085
ASPM	-1.12271915825	8.61381678514	0.00264511967299
ATRNL1	1.12058631338	-2.45202871858	0.0802144927447
BLVRB	-1.1200606764	9.03854712469	0.00941588841921
KLHL12	-1.12001690604	4.37951057668	0.0207815543746
B830028B07RIK	-1.11970180328	2.34661627232	0.0851534104423
6720458E07RIK	1.11875681656	-3.1013308739	0.0697501517448
POMGNT1	-1.11818142635	3.50523742702	0.0441830744426
JARID1B	1.11795004213	-3.34641615657	0.0625985451503
RABEP2	1.11746383761	-2.93408583688	0.0495678569182
TDRD7	1.11676755997	-4.71389692204	0.0147621327904
TXNDC10	1.11451188112	-3.68080014921	0.0547208735798
SMC4	-1.11450705885	6.15166251921	0.0209579757058
FNTB	-1.11396460003	3.77973359215	0.0357749574498
SLC2A8	-1.1139133202	3.53852690232	0.0252630047768
MKRN1	-1.11380596932	2.84744272362	0.0846172457235
KCTD6	-1.11275315171	2.8483668731	0.0923270100748
ACVR2B	1.1127356186	-5.43899459324	0.0176278638137
GPSM2	-1.11194360418	3.21228880312	0.0631936894552
LOC381200	1.11189288007	-5.37115584102	0.0183061138271
E130208E03RIK	1.11146922256	-3.39944882377	0.0288257451977
LOC619973	-1.11060796811	3.4252950156	0.0708402378257
GYPC	-1.11002117157	5.3024193549	0.0269726629662
D930028F11RIK	-1.10912947535	6.05298442113	0.0163709167379
SEMA4B	-1.10810591614	2.45349834791	0.0986750713957
LOC100045795	-1.10787497446	2.29228194178	0.0846643575088
D330034K12RIK	1.10787497446	-3.22225901834	0.0356270746694
TMEM90A	-1.10774156864	3.38327004425	0.0323882301591
ZFP595	1.10677631631	-2.74381524721	0.0520602016186
DSCR6	-1.10641161614	2.34710031774	0.0854193575298
IHPK2	-1.10572750727	3.60543590336	0.0228366117216
PIR	-1.10297215102	2.28614284842	0.084229701353
LOC382590	1.10251491063	-4.92240677876	0.0245339939559
PRDX2	-1.10237345951	4.88445413464	0.0150163610902
2310051F07RIK	-1.10149430369	9.9206873853	0.00369716082476
AMICA1	1.10015371424	-4.36363367817	0.0326870439979
DOK2	1.09998563539	-5.31556191026	0.0168351065442
DNAJC7	1.09934449267	-2.87199140401	0.0846100283733
CBR1	-1.09911361693	4.04577687654	0.0156820850449
2610315N17RIK	-1.0977368017	2.26652544609	0.0860577192513
TSC22D3	1.09765771952	-2.99959996038	0.0933043638643
LOC665032	-1.09684574318	3.2328202708	0.078534326661
SELENBP2	-1.09601021555	5.0641505517	0.0168523965169
MBOAT1	1.09513661796	-4.46707080875	0.0116547718845
A930026L03RIK	1.09509288016	-3.25374447468	0.0393662037996
HPSE	1.09466581225	-2.44186871268	0.0883585007246
MT-ND5	1.09421820136	-2.6468784943	0.0986387588102
INSIG2	1.09360982559	-3.47973212296	0.0324621696775
LBCL1	-1.09276752903	3.73756357582	0.0284605293187
CDKN1C	-1.09258709881	6.4832192622	0.0223073254867
B230340J04RIK	-1.09249168011	3.70520868894	0.0226588026472
LOC100045423	-1.09248388871	5.05805132919	0.0230477123068
PKN3	1.08995107212	-3.04177672183	0.0459967543308
B3GNT3	-1.08900500606	3.32993416428	0.0310195133031
2700055A20RIK	-1.08891771812	8.98069555867	0.00749056878426
PFKP	1.08875461424	-3.83214557267	0.0366046514545
OTUB2	-1.08863041234	3.89895600461	0.057819853615
LTC4S	-1.08850162328	5.37571677121	0.0161873600043
DAAM1	-1.08798635204	7.6640641623	0.00543304438272
LOC380927	-1.08773025288	6.41327794709	0.00943350792763
C79267	1.08769921301	-2.31511972149	0.0865145958333
BC030863	-1.08684325995	4.53700813165	0.0163993492735
SLC1A5	-1.08605244419	2.14907694015	0.0989573217288
FPR1	1.08591096015	-2.34282791998	0.0794813982425
A730023M06RIK	-1.08563007153	3.26610562261	0.0310663465125
5730469M10RIK	-1.08530161096	4.64928254146	0.010865142279
MTDNA_ND6	1.08479065816	-5.18812309544	0.0133554140577
SIAH1B	-1.08458446165	3.47080316224	0.0659415069317
WDR4	1.08406426479	-3.03372349776	0.0863416853746
MAPKAPK3	1.0839213202	-3.2914782759	0.0387852862563
E230008N13RIK	1.08368011563	-9.06949594793	0.00530601242696
D630024O11RIK	1.08322967366	-2.97587586127	0.0897399650642
LOC270152	1.08296278396	-2.46194524744	0.0933849153461
EVI5	-1.0829402396	6.64145239955	0.00538820635269
RNPEP	1.08189087102	-2.79494282286	0.0724673852975
ETAA1	-1.08104833348	4.71402900996	0.00932230372892
HACE1	-1.08056823685	2.74771223849	0.0531423906083
SHF	-1.08038938687	2.52969051395	0.0729255750519
HEBP1	-1.08027568479	9.42292473046	0.00104969024525
2010011I20RIK	-1.07968017469	4.02907037935	0.0444538748929
CLDN12	-1.07852518026	2.5220524755	0.0653773072865
TGFBI	1.07838848638	-3.36460115486	0.0648921650196
E330040E10RIK	1.07720720049	-2.48878410203	0.0777914062848
ATG4B	-1.07719191807	4.11288932716	0.0154091399398
9530007E02RIK	-1.07602119597	2.7032254411	0.060356236564
IGKV9-120_V00804$J00566_IG_KAPPA_VARIABLE_9-120_12	1.07529899985	-3.73143259003	0.0202745895769
D930049D10RIK	-1.07526494943	2.50643776824	0.0827991498852
4921517J08RIK	1.07429378235	-3.82529886315	0.0280581991062
WDHD1	-1.07326608865	5.31557717239	0.00881730594333
A430107P09RIK	-1.07312062104	2.14419174668	0.0998429138196
MLLT3	-1.07308927507	4.136401787	0.0177721730255
LRP6	1.07275634244	-2.77239047018	0.0512991282479
6330503K22RIK	-1.06908388585	4.9505800947	0.0078100904284
CAR2	-1.06897563282	3.41432248864	0.0738769342418
BTRC	-1.06750880394	3.92357812629	0.0172092541588
PNPLA1	1.0661770766	-2.54191207962	0.0666649653269
1110049N09RIK	1.06593427018	-2.48679596581	0.0930755417214
USP6NL	-1.06541498519	5.80168988757	0.0120071513781
GM166	-1.0650046392	2.78601725045	0.0721224103476
PDZK8	-1.06315372879	5.95340557788	0.00567047017593
2510048L02RIK	1.06311004385	-2.16467174367	0.0970140433488
9930004G02RIK	-1.06293034148	4.09928818043	0.0481291576169
EIF3H	-1.06185449358	4.22429700042	0.0175056614362
CARHSP1	-1.06090149098	5.5404797955	0.0168005170163
D230012E17RIK	1.06054154194	-2.95531232998	0.055153141978
TXNDC1	-1.06043827007	3.5474832412	0.064067731745
SSBP3	-1.0601257326	7.72022094248	0.00238219201045
A630076E03RIK	-1.05999998974	5.37298100588	0.00585894129351
1700013N18RIK	-1.05987145598	2.65745535532	0.0986925404193
TJP3	1.05979791662	-2.50909158808	0.099560094182
9330174H21RIK	-1.05852607661	4.59403533531	0.0112060502639
GS2NA-PENDING	-1.05771153037	5.39069293719	0.0181352650444
GCAT	1.0560443039	-3.07794686538	0.066805943894
9830002I17RIK	1.05586981131	-5.86082075293	0.0268811982853
MKI67	-1.05521725296	8.72552092912	0.000955359655372
C820007E08RIK	-1.05387496775	6.39451533607	0.0106808054657
PSME3	-1.05383751548	9.40944799532	0.000712420099055
TIMM17B	1.05333705735	-2.90829028614	0.0512145795363
LOC330052	-1.05275816273	4.01949045026	0.0164071896052
4933428G20RIK	-1.0522599601	23.9910632911	4.38918543352e-05
MARCKS	1.05140154093	-3.36764151086	0.0401139994687
TTC17	1.05113884899	-3.31428301453	0.0446220895563
GLRX5	-1.0510498057	6.40185981761	0.0158846085611
LOC331507	-1.05072645563	5.78074568854	0.0199070036193
GALM	1.0503233145	-3.74364532961	0.0258108640498
NENF	-1.05002553061	3.03879915278	0.0745956703715
PDZK1IP1	-1.04962791486	2.76000202341	0.0667901021467
E2F1	-1.04931823465	3.81461594054	0.0518341113147
ZFP710	1.04931560424	-2.74729114319	0.0643523980808
D630026G14RIK	1.04778789895	-3.47212929169	0.0612610604048
LOC674427	1.04768479776	-3.66370864673	0.0507653202164
CD52	1.04583254456	-5.97799210858	0.00435678508736
NUDT9	-1.04579574384	5.08735775698	0.00815815108423
C130070B15RIK	1.04350163864	-2.61750861533	0.0591736737491
PIRA4	1.04299417718	-3.68879214441	0.0241857603089
CEBPE	1.04285523479	-3.60347894616	0.0229484950595
CHIT1	-1.04263510419	3.42087398149	0.0268808450062
USP30	1.04131586911	-2.70908413154	0.0635339208232
2610103J23RIK	1.04080775036	-7.46575049179	0.00436013947
LOC100047915	-1.04066036172	3.71497368766	0.0613246172019
XK	-1.04049700681	3.26552972449	0.0637238019424
AGPAT3	-1.04006831518	5.73723760814	0.0120797179299
9530053J19RIK	-1.03796168287	3.01024284515	0.0651599757772
CCL6	1.03783336436	-3.593853996	0.0650480490892
NSSR	-1.03622018791	2.95215781963	0.0421647274913
CENPK	-1.0353161129	4.74029650288	0.0153714958983
CDT1	-1.03457959893	3.40947208134	0.0704149758664
A730094F08RIK	-1.03442741014	3.08301512893	0.0518633859496
NFIX	-1.03268699624	4.79360043225	0.0325283811966
LY6C1	1.03229257736	-3.29005469278	0.0355174566081
CLCN3	-1.03103157091	7.02517772695	0.00322166120055
TBC1D9	1.03102689562	-2.51222413913	0.0901878658095
TMEM159	1.03016197051	-2.79398206817	0.0491133500094
RAD23A	-1.02898890636	3.4884335294	0.0340892689963
LOC100038908	1.02873621901	-2.94800842036	0.0453859341251
UBTD1	1.0285691522	-4.65392296766	0.0128360351235
TNNT1	1.02826580098	-2.17195729781	0.0956286365366
8430419L09RIK	-1.02804030504	4.08382178177	0.0176094730133
LOC100046746	-1.0271167267	5.17912594308	0.0327814259675
CDC25B	-1.02436800674	3.02338306336	0.0557659419385
SSB	-1.0235135945	3.56512047954	0.0236906295354
DPEP2	1.02247786821	-2.79902253706	0.0993929471136
ANKRD13D	1.02196847709	-2.13606764192	0.0995556094451
ATP2A2	-1.02168876851	3.61993584137	0.0554215139611
D330001F19RIK	-1.02074100475	2.29672737222	0.0871598525099
RGS12	-1.02069190297	7.23296025312	0.00301543668673
AMIGO2	-1.02060162324	2.55651814135	0.097317237532
MFHAS1	-1.02008424604	3.66612357747	0.0271746931752
PRSS34	1.0197327098	-3.58248088109	0.0439088196326
RASSF2	1.01820376311	-2.8145607147	0.0795483858253
SLC14A1	-1.01569667689	3.43490214033	0.069910519975
A630047E20RIK	1.01407518521	-2.63537577576	0.0602013985567
LOC100047839	-1.01348693666	3.39881417791	0.0372925815317
1500031L02RIK	1.01340169115	-3.48556189285	0.0461573819768
PKN2	-1.0129694778	5.14685938865	0.0261891850723
GNAO1	1.01260003678	-3.25589317026	0.0533558773733
RDX	-1.01235342751	3.16297899817	0.0578849705404
GCLM	-1.01161440947	3.12700855305	0.081802757829
E2F4	-1.01158667264	10.180121601	0.00122355250902
ZDHHC18	1.01105518851	-4.1297826103	0.0342321136329
LOC384597	1.01029765286	-4.76640710528	0.0404965342896
NPHP1	-1.00902627579	2.23423751019	0.0913457349508
4921528G01RIK	1.00900124609	-3.52634384194	0.0331838136129
CYP4F18	1.00854051043	-2.73832087137	0.0767576486287
ELMO2	1.00839592112	-2.87683850852	0.0504315929749
2810002O09RIK	1.00660273482	-3.81356384905	0.0543538596426
A230051G13RIK	-1.00647559765	5.30501470812	0.0336976476527
NCAPG2	-1.00645724457	7.70941507668	0.00173368857388
TULP4	1.00548838478	-4.02895310781	0.0157492331183
GALK1	1.00530832537	-4.11222579089	0.0198048917826
BC025076	1.00520901428	-2.39495104762	0.0751174990825
MYO1F	1.00437389773	-4.08993730157	0.0295654021021
LOC385923	-1.0040346451	8.57092517767	0.00204801861635
METAP2	-1.00374086948	3.0301434068	0.0542525330114
MSX3	-1.00365702361	2.786798173	0.0503273803292
FCGR2B	1.00357486358	-3.23026289546	0.0568502817956
4933425L21RIK	-1.00348056873	2.6147495668	0.0824605115262
LARP7	-1.00320243204	3.64107164391	0.0443239446255
ABAT	-1.0026791002	3.05089614926	0.090542178879
PPM1D	-1.00221782525	4.73200739249	0.00918252657691
FRMD4A	-1.00213529276	3.54764978862	0.0524742527175
CATNB	-1.00177624951	3.5330093332	0.0383887907084
NRIP1	-1.00151782764	3.7407329501	0.0613803748243
SLC25A39	-1.00135943921	5.93553124315	0.00416891500108
IRAK4	1.00065030204	-2.88048488807	0.0596230755794
E2F2	-1.00018643084	4.37850895634	0.0242416126867
