	exp	t-stat	p-value
E430001K23RIK	0.000100147770197	-3.01257339961	0.0858184150076
WEE1	-0.000100204073566	2.76000852514	0.0814694600773
SEC16B	-0.000100284355241	2.28223466991	0.087002909984
5830417C01RIK	-0.000100302144993	-4.01872749119	0.0203734091135
TRH	-0.000100557197464	2.86823253726	0.0907020424321
SLFN3	0.000100630986568	2.99847288689	0.0824763588168
1110070O15RIK	-0.000100644254396	-4.43093129871	0.0119742877978
HFE2	-0.000100707611208	2.22233698713	0.0945867478293
LOC674019	0.000100719392346	4.61852167706	0.0396330457991
UBXD7	0.000100975706319	2.72606853022	0.0668081679798
1700022C21RIK	0.000101270845468	-3.17934368805	0.0484057679108
GM687	-0.000101282006657	3.39881417791	0.0372925815317
SENP8	-0.00010131958207	-2.63177548278	0.0603187287775
D230004N23RIK	-0.000101358525737	3.59311294258	0.0229002987649
2310067P03RIK	0.000101380752599	3.71497368766	0.0613246172019
TRDV5_M23382_T_CELL_RECEPTOR_DELTA_VARIABLE_3_275	-0.000101830464987	2.38766157677	0.0848758734116
CCDC112	0.000101844414117	-4.09519110234	0.0161437044426
ZFP103	0.000101938154126	3.78117670802	0.0633675932683
D130032I18RIK	-0.00010199060865	3.68401816909	0.0576549268378
C130019M09RIK	-0.000102072388546	4.57878142028	0.0141678205368
SCL0001418.1_29	-0.000102082933228	3.55552964335	0.0708042783715
OLFR683	-0.000102265267694	2.78801940164	0.0814921429907
CEP1	0.000102598009553	3.34426070002	0.0319904981838
ADAR	0.000102703435236	-7.57604655308	0.00267376181206
CML1	-0.000102768627034	2.82577084789	0.055376222916
GARNL1	-0.00010408162122	2.52274422219	0.0655236412286
4631422C13RIK	-0.000104228755318	3.67373792818	0.0457186541254
D030026M07RIK	0.000104233235056	3.49731523784	0.0316726224827
TESC	0.000104241105737	4.07541685676	0.0552644536563
TEX22	0.000104295512143	2.43305675362	0.0730410578356
LOC665012	-0.000104980691878	-3.57054671272	0.0644300519721
HCK	-0.000105133240957	-2.53575299905	0.0793180600394
4732494K09RIK	-0.000105322509923	3.34893783391	0.0404257364405
RAB40B	-0.000106182378772	-4.87158174271	0.0350497815058
LOC100045304	0.000106273286842	3.28334635656	0.0520511472546
LRRN2	-0.000106286568569	-2.26637079868	0.0995496062418
6720402K17RIK	-0.000106358910689	2.81947664105	0.0480562207456
LOC381386	0.000106549729468	-6.10170215848	0.0258236259059
NUDCD1	-0.000106684318762	3.60288346061	0.0691425957429
CTDSPL	0.000106928907506	-4.88258360313	0.00918864386444
LOC327803	-0.000106947954836	5.21057080293	0.00647502270717
RSRC1	0.000106993359592	-3.04330964826	0.0663759330974
HECA	0.000107118764333	7.9885540425	0.00133765022237
A130095C03RIK	-0.000107263323867	-2.34450928185	0.0797430731968
SP3	-0.000107281155457	-3.37017923976	0.0778946918644
LOC240921	0.000107419721305	3.55740130762	0.0247288281202
EG245174	0.000107452539434	3.07113308196	0.052628231788
LOC239416	-0.000107867331643	-2.49704030078	0.0923655983424
SCL0002352.1_15	0.00010789983838	2.86605752111	0.0552403374264
EG574082	0.000107972430212	41.5692193817	0.000578201840765
TMEM1	-0.000108093102041	2.91603403122	0.0965813735558
LOC380774	0.000108104418372	-3.51221644203	0.0667224409858
LCTL	-0.000108363482603	-2.920251505	0.0687088791419
PRICKLE2	-0.00010841529792	-2.54861567849	0.093076906842
OLFR1500	-0.000108584782021	-4.92664639082	0.038816939864
A730015C16RIK	0.000108731568465	-2.7975005621	0.0515412843117
GABRA3	-0.000108885191063	-3.37112664178	0.0502023212356
1700028N14RIK	-0.00010892410242	-4.36742423674	0.0169492807208
RTN4RL1	0.000108994146321	2.30579915696	0.0943173359767
HPCA	0.000109021658338	4.20291757343	0.0185902022711
A130046C05RIK	0.000109191179355	-2.36298982864	0.0839166491035
ARFGEF2	-0.000109247015332	-4.14197828555	0.0409116066515
OLFR16	-0.000109342957045	3.96178936901	0.0441996840804
A830029A02RIK	-0.000109448192796	-3.38750094106	0.030242503548
FOXK1	0.000109562930942	2.83837882576	0.0607683073828
MOBKL1A	0.000109602463931	5.67649563901	0.021914359452
LOC383406	-0.000110032109057	2.17528824722	0.0959750396149
D430002C13RIK	-0.000110143480299	4.51762181713	0.011588850697
NAT1	0.000110236756504	2.94732229716	0.0447359555898
KLK10	0.000110244761938	4.24883885067	0.0151809101192
C030010B13RIK	0.000110467930754	-4.36392515463	0.0228176782659
1110031B11RIK	-0.000110489928349	3.0318567859	0.0895263134133
GPR34	0.000110583634898	4.98286625353	0.0183083050857
6430594K11RIK	0.000110837506817	3.05329013446	0.0926071284378
EG232875	-0.000111859764806	-5.92556828925	0.0201806418278
GKAP1	0.000112189907097	-4.71631919804	0.00927562844388
D030032G01RIK	-0.000112997110216	-6.10475174552	0.0177933660888
3110070M22RIK	-0.000113067738995	3.34490002308	0.0789402420895
LOC100041754	-0.000113261952673	-2.88043055701	0.0525635164965
CYP11A	0.000113311157977	3.38795042614	0.0738061736167
BC049730	-0.000113819668072	3.07618466414	0.0518221145547
HCN2	0.000113823500354	3.45563259597	0.0507195616174
FBLIM1	-0.000113826303337	-2.47297532062	0.0688527690126
A430034D21RIK	-0.000113844242399	3.16288573202	0.0536371503353
6720458D17RIK	0.000114002282688	2.47278159639	0.0712447567554
SPR	-0.000114003171863	2.83097745805	0.0698078691221
BOK	0.000114366547238	5.91062465996	0.0274510149179
GKN1	-0.000114596789604	-2.46194524744	0.0933849153461
HSPG2	-0.000115164165365	-2.14996749939	0.0986128824059
LOC327836	0.000115300817841	-7.84283998116	0.00158010782609
CATSPER2	0.000115398557629	-5.17826268474	0.0111374551049
AQP11	-0.00011545751084	-2.65463665336	0.0605729432434
PLSCR3	0.000115805590207	-3.75325945303	0.0620909545457
ABCB8	-0.000115933635224	-3.01818787313	0.0422142081296
OSR1	0.000116075462191	-3.02004795577	0.0646094255643
ARID1A	-0.000116131409331	3.3548254459	0.0339261592797
D630036F01RIK	0.000116280949389	2.29777792519	0.0892301562866
HPD	-0.000117395548871	-3.10039127136	0.0529816041149
PRSS2	0.000117609129411	3.29411764706	0.0697741486564
LOC239690	0.000117774221217	4.01949045026	0.0164071896052
GRM8	0.000117901945881	2.46950925635	0.0755805224059
A530058N18RIK	0.000118597011073	5.78074568854	0.0199070036193
2410098H20RIK	0.000118748799955	5.6291651246	0.0301387739611
D830031G23RIK	0.000119034079529	4.79822074692	0.0119814478431
PDZD8	0.000119745782604	4.4107001184	0.0156535849164
TRPM7	-0.000120151429013	-2.21388026388	0.0912351124967
DSEL	-0.00012026642647	4.78916124425	0.0164571758491
BC002199	0.0001204430869	-2.56407938339	0.0853239530952
A130028J20RIK	0.00012062113303	-4.7076809554	0.0126901072123
CHMP4C	-0.000120933373598	5.2854561309	0.0241233189389
9630025O15RIK	-0.000121439859025	6.37112527473	0.00829097192641
LOC238199	-0.000121451562887	4.87878005269	0.0395375512903
CDC14B	0.000122004511117	3.12399361388	0.088999247417
LOC382392	-0.000122028011884	4.10411378985	0.0499877058734
BC004728	0.000122083484599	6.41327794709	0.00943350792763
MON1A	0.000124032015766	-5.37115584102	0.0183061138271
LOC386268	-0.000124641520615	-3.38983556256	0.0402482373725
1700013G24RIK	-0.000125417760298	7.34977759998	0.0180132513131
PCDHB1	-0.000126611474685	3.46410161514	0.0337631994982
ZFHX1A	-0.000127105347413	-3.76188290762	0.032572438955
IL18BP	-0.000127345701978	-3.19842258558	0.0459050222022
MKS1	0.000127376147827	-3.71306951805	0.0654880605892
PVALB	0.000127606786817	7.01646415446	0.0134813243874
FUNDC2	-0.000127827585898	-8.83782455456	0.0125621855728
MKIAA1686	0.000128704408391	3.44123600806	0.0750603760327
PIWIL4	-0.000128902462248	-2.79308356292	0.0492962354132
4930589O11RIK	0.000129150921286	-4.57835017474	0.0224114270852
1700049L16RIK	-0.000129161042406	-2.72667977744	0.0534021145178
HS2ST1	-0.000129200263114	3.48064227651	0.068345677545
E530018O14RIK	-0.000129531672311	2.18367825108	0.098221585054
LOC385938	-0.000129760868928	-7.00300735054	0.00444344455441
2410157M17RIK	-0.000130123659276	-3.21887961624	0.0324630583239
PPP2R5D	0.000130902575223	-2.69167705124	0.0895294542491
A830021M18	0.000130973838881	-3.24190280157	0.0364581984022
ZFP650	0.000131108218474	4.41728475199	0.0140648794957
A330070K13RIK	-0.000131836656307	-9.45825558579	0.000738967748446
4932413F04RIK	-0.000132434149085	-2.70358877516	0.0538940883989
RPAP2	0.000132641537101	-3.1928859278	0.0850670108496
CTRL	0.000133009762183	3.70892312465	0.0600307902429
C330023M02RIK	0.000133108649424	-4.92240677876	0.0245339939559
LOC100044529	-0.000133227648004	-2.55919120232	0.0743007731902
A530079D03RIK	-0.000133480337111	5.44615660458	0.00755040969676
LOC384180	-0.000133795959804	2.33069232136	0.0838227398457
4930520H13RIK	-0.000133807494043	5.1730199241	0.0120938525603
ELMO2	0.000133972635133	8.45770930662	0.00430204349103
D630010B17RIK	-0.000134643375082	2.54818430323	0.0666611617513
KLRA21	0.000134674336342	2.72280982556	0.0759399341608
ARCN1	-0.00013477084642	-4.18351356091	0.0318521175162
LOC194492	0.000134927352554	2.22587851713	0.0997165400802
1700003E16RIK	-0.000135118410191	-3.11793505182	0.0810873993785
S3-12	0.000135148125421	13.3061125645	0.00560063357763
TMEM115	0.000135243240407	2.88848661213	0.056340937541
LOC241293	0.000135269323254	-3.16760472675	0.0395684524073
STBD1	-0.000136995107024	-3.08985524549	0.0365998502063
TSEN2	-0.000137050466865	-4.80435650553	0.0201742373883
MCCC1	0.000137547476613	3.35211905034	0.0336795023616
CHRNA9	0.000137787493651	5.34668186454	0.0170097551609
9130213B05RIK	0.000137819750567	3.25886365282	0.067204270308
A530012E19RIK	-0.000138208365877	-4.32668816461	0.0204282437962
CCBP2	0.000139140689458	3.27680182001	0.0564921242585
IMPAD1	0.000139936351059	3.77144054687	0.0351108452887
NPHP1	-0.000140659142808	2.49629115167	0.0684304787213
2610015J01RIK	0.000140700026719	-2.88760026564	0.0715841870365
4933429F08RIK	-0.000140825309451	-3.08187501617	0.0628579455118
5830467E07RIK	-0.000141252894287	-2.52214858408	0.0661800043584
E230029C05RIK	0.000141295247732	-3.24096225173	0.060090560222
LOC385453	-0.000141722066704	-3.74703272434	0.0313311098885
DMGDH	-0.000141836419238	4.00732467195	0.0548191273327
LOC385534	-0.000142213408933	-31.0	4.46635301715e-05
NR1H3	0.000142595313055	2.28078933705	0.0847989075105
LOC673607	-0.000142925788944	3.45404614657	0.026399659809
3300002N10RIK	-0.000142938865815	2.90337874342	0.0846677390034
SFMBT1	-0.00014295328638	-3.50063093758	0.0728038973382
LOC381776	0.000142989702896	-3.36526156725	0.0581013597452
LOC100046003	-0.000143597966638	-3.62261368455	0.0300635663174
MACF1	0.000143788642394	3.46410161514	0.0741799002274
CTTNBP2NL	0.000144574580916	2.62324125095	0.0650426941726
C630044O20RIK	0.000146154482158	4.23910131555	0.023804735688
9330188B09RIK	0.000146587293419	-4.76640710528	0.0404965342896
HIC1	-0.000146734522006	6.18834511609	0.00347582655018
4930544G11RIK	-0.000147613323928	2.42437752078	0.0901465552601
ENOX1	-0.000148141979253	3.89711431703	0.0599806578392
ARFGAP2	0.000148805477289	-5.71395564382	0.0292895601489
A930017G19RIK	-0.00015008269466	-3.06532378756	0.0809589384365
SMUG1	0.000151900179809	3.07693556441	0.0432226851333
LOH12CR1	-0.000153182686969	-2.99529586571	0.0433632175489
S100A7A	0.000153285407153	-4.56318113907	0.0350304410395
RABL2A	0.000154136893169	5.83598637208	0.00963221474193
DACH1	0.000154286785888	2.96438269575	0.0419501532989
CYP2A4	-0.000154410243654	4.49465702224	0.0108677882501
3230401L03RIK	-0.000154852565408	2.25210014696	0.0974604540565
ZSCAN12	-0.000154964424713	-7.57178867941	0.00713934136165
LARGE	0.000155999029789	8.57092517767	0.00204801861635
BC023882	-0.000156195622251	3.65125365126	0.0495292504436
HPS4	0.000156756503768	3.1308857166	0.0352782191135
LOC100042815	-0.000157298870445	-6.36422787903	0.00316635621502
LOC100044164	-0.000157562573313	-3.14780705395	0.0354283550344
DEFB50	0.000157669987126	4.80952465584	0.0148266496153
D130051D11RIK	-0.000158898540782	3.05875710962	0.0377103697239
2210418B03RIK	-0.000158917940621	3.09429485238	0.0864716731289
ITGA3	-0.000159011211491	3.33675962834	0.029167636737
C330016K18RIK	-0.000159572722737	3.09519823288	0.0423965531691
NARG1	-0.000160157778731	4.40823435408	0.0177676006926
EG434858	0.000160402076068	3.03416432726	0.0804283594591
ANKRD46	-0.000160592082061	-2.76986731604	0.0505119798212
E130202F10RIK	-0.000161138613665	-3.53899164163	0.0319878652296
LOC384263	-0.000161453886852	2.13998301646	0.0997225052933
TLK2	0.000162227904302	-3.48995519084	0.0712153391279
D130027A21RIK	-0.000162634300451	-6.56524478023	0.00348278668472
B9D1	0.000163005546065	-2.96992040285	0.0412477727507
NR2E1	-0.000163024533894	-4.50801144369	0.0287190906111
ZSWIM5	0.000163192087608	-4.34857092588	0.0230752990896
LOC100048699	0.000163373558858	4.46764785469	0.0195527573593
LOC100043357	-0.000163576215091	2.3022923324	0.0840875480034
TEF	0.000164378554173	-3.62476859515	0.0683936353917
DEFB25	-0.000164874982372	-2.471164426	0.0766806403707
TRIM68	0.000165021645387	2.80104068965	0.0596106407587
VPS26A	-0.000165509683123	-2.23546355311	0.0998241667195
NXN	0.000166705500899	3.4252950156	0.0708402378257
ACVRIP1-PENDING	0.000166751575024	2.16832865945	0.0960449708253
A430080F05RIK	-0.000167281724036	-2.49465214323	0.0778977880864
4632413K17RIK	-0.000167317841042	-2.92721468088	0.0543361206758
SLC7A4	-0.000167648550941	-2.90019010181	0.0464454476523
LOC277385	-0.000168237811315	3.62110779644	0.0500758561173
GM111	-0.000168457216082	-3.59512907914	0.0332305922167
SLCO2B1	0.000168618482687	3.98348237954	0.0576259337775
GM525	0.000171158023694	4.22986242735	0.046707825766
CHCHD5	0.000171291982706	2.65044930466	0.0747577250494
LOC224487	0.00017243687156	-2.86174308066	0.0458791379272
RAB37	-0.000172661902826	3.03303784497	0.0732591238802
CDC14A	0.000173351496201	-2.8483599646	0.0477551605667
TRIM36	-0.000173971528007	-2.79024852051	0.0494291346883
D10WSU102E	-0.000175060070661	-2.24614093436	0.0883955098619
AI987692	-0.000175178237459	-2.36475846889	0.0865035588554
D6WSU116E	0.000175456266132	-10.9431626593	0.000427873949616
E330022B15RIK	-0.000175739687065	-2.32487096076	0.080999762173
C130023I09RIK	-0.00017576804349	-3.58773654926	0.0365160286293
D5ERTD135E	-0.000176102578175	5.02463443641	0.0131420609671
9430028P18RIK	-0.000176674739858	2.59173960381	0.0846034660327
IMP4	0.000176702418559	2.25181452818	0.0966461504676
EIF3S1	-0.000176994841856	-2.20204628353	0.0936195749972
GRHL1	-0.000177104922657	-3.23485809215	0.0548225747011
3010003L21RIK	-0.000177434840453	3.2328202708	0.078534326661
EG625530	-0.000178010245838	2.52025085815	0.0794325003012
STXBP5L	-0.000178066733536	-2.80658566178	0.0671969124536
ZFP593	0.00017927221886	2.97357050182	0.0478840878332
GPATCH4	0.000179535127627	-4.43993333769	0.0347792711745
NDUFS2	0.000180419599755	4.78181417719	0.018404438127
LOC382258	-0.000181748947758	3.23871743577	0.057437582179
FCHSD1	0.000183870576074	3.96381333686	0.0367443157689
UBAP2L	0.00018398668782	7.27897839193	0.00927216227483
AKT3	0.000184969334342	3.46044321427	0.0662802285001
PHKA2	-0.000185151441299	6.56532164299	0.0205336543058
LOC639001	0.000187220410034	-2.78116966147	0.0497895317978
CEBPD	0.000187223314519	-3.66370864673	0.0507653202164
ARG1	0.00018860427399	3.06911926362	0.0436476762193
POU4F3	-0.000189512886833	-2.71135437791	0.0551481791892
FGD4	0.000189904643613	-2.56100235402	0.069139177016
SALL2	-0.000190257164258	2.67295076628	0.0945580852653
OLFR503	-0.000190485830452	2.63038379689	0.0774641751873
1700045I19RIK	0.000191154425638	-2.48133509299	0.0923538009836
STX6	0.000191184044603	4.28809082118	0.037508137685
MTX1	-0.00019161441227	4.30653238951	0.0350249260403
A930007B11RIK	-0.000191815997446	2.76220511006	0.0530902982076
ZFP629	-0.000191855949432	-2.4141111099	0.0741954464424
2010111I01RIK	0.000192001577539	7.00089578597	0.0115436231805
C130022E19RIK	0.000192261178573	-4.59111232954	0.0263947839552
SCL0004040.1_123	0.000192738643894	-2.44247736185	0.0731205250097
A630098G22RIK	-0.000192825026647	5.51098093204	0.00586262433518
STAB2	-0.000192891973264	-2.77239047018	0.0512991282479
SCL0003131.1_3	0.000192949914245	-2.62622946059	0.0584499373483
STAB1	0.000193202890492	3.32854134996	0.0605916817606
A130028M21RIK	0.000193532517575	2.94903926376	0.0420265556333
A730075L14RIK	0.000193686091908	10.1562630417	0.00526191696686
ITGA1	0.000193973536046	-2.55724470339	0.0813338054797
D330038O06RIK	0.000194785746705	-5.34945300038	0.0317717668656
OLFR161	-0.000195394842826	3.14314544785	0.0598171972426
RSPRY1	-0.000195407675508	-2.43815967168	0.087681700494
C330049H01RIK	-0.000195801995051	4.33701527465	0.0492681867035
RORA	-0.000196171227516	2.55302969089	0.0997845139247
MLLT1	0.000196195509761	-2.35425362301	0.0931467761385
6030458A17RIK	-0.000196566028604	-2.92431688676	0.0465135437886
TOMM70A	0.000196643097459	2.29958657522	0.089556767164
V1RD22	-0.000196752875902	2.79918890641	0.0992998497246
A830080D01RIK	-0.000197306676774	-2.22281538761	0.0913767631375
WISP2	0.000197711851474	2.89996678524	0.065405180767
D930007M19RIK	-0.000197751849877	5.37571677121	0.0161873600043
5730564E11RIK	-0.000198007105564	-11.2613306304	0.000467165882232
4931406C07RIK	0.000198272897219	3.19473036024	0.03429021068
NRBP2	0.000198838038923	-3.29005469278	0.0355174566081
ASK-PENDING	-0.000199075860241	-3.40546365945	0.0272915548415
SEC24D	0.00019943099407	-2.52859163658	0.0841069185032
1700020O03RIK	0.000200093182313	-3.16114955109	0.0764642271557
CSNK2A1	-0.000200101018892	-3.9103633297	0.0263623624141
D730019E11RIK	-0.000200148319497	-2.48864848707	0.0708008395669
AI413582	0.00020064828996	-2.7123975618	0.0946083389725
SSBP1	-0.00020101876705	-2.32112532311	0.0890425784947
D130060L11RIK	-0.000201092453194	-2.88874152291	0.049542847759
ORAOV1	0.000201232785691	-2.79003013376	0.0837872221841
ANKRD25	-0.000201307908712	-6.8359792455	0.00239682137036
RAB12	-0.000201396262413	-3.63973399459	0.0350051012424
2610024G14RIK	0.000201844228327	2.37986374076	0.0810674268677
LOC381283	-0.000201879830026	2.7147763195	0.089366067642
E2F5	0.000201973330328	-4.55421882334	0.0103862937706
RAI14	0.000202305344515	-3.16846335712	0.0533451714041
QSOX1	-0.000203207752247	3.21716019523	0.0326974858021
DECR1	-0.000203245632347	-2.37071177412	0.0806449212865
GTF2IRD2	0.000204484085634	-4.53047094656	0.0185118897799
BC022687	0.000204638762599	-4.9488954591	0.00916493266292
ZFP202	-0.00020475047336	-2.71379847435	0.059078503243
ENPP4	-0.00020486699113	-2.77813457006	0.0941404567058
9430015G10RIK	-0.000205135420127	4.18864469606	0.0154378434417
MIS12	-0.000206007915499	4.86161216729	0.0217711047846
RAPGEF6	0.000206074599547	-3.77004887162	0.0573631881064
1810009O10RIK	0.000206251678997	-4.70764818064	0.0233941945253
5830482F20RIK	0.000206558501893	-2.83147940941	0.0788701967612
ACSS2	0.000207143591988	-3.2914782759	0.0387852862563
SNX7	0.000207654187624	4.66058095212	0.0233908300164
SP7	0.000208030274911	2.82661546501	0.0980960630691
F8A	0.0002080819427	-3.36764151086	0.0401139994687
MRPL39	-0.000208475225109	-4.4533402716	0.0129324455167
EFTUD1	0.00020850211	3.06322238276	0.0390553713177
SCL0003723.1_3	0.000208937736968	4.79770267678	0.00870241837034
MDFI	-0.00020912938529	-3.64681575657	0.0358107812413
EG623661	-0.000209174397424	-5.75692642257	0.0282715413745
SLAMF1	0.000209732039811	-2.45740574824	0.0702668897352
SORD	0.000210438033102	-4.46707080875	0.0116547718845
COX15	-0.000210529845006	5.63787358581	0.0299731789489
BRPF1	-0.000210794111564	-12.2838453728	0.00656205821807
2310020N23RIK	-0.000211598946264	5.68432340087	0.00751943365903
ST7	-0.000211672380635	4.51296013248	0.0434558026017
1700015E05RIK	-0.0002117566506	4.56030233376	0.0158260399687
4921507P07RIK	0.000211789091019	6.90162956368	0.00484378090053
EVI5L	0.000211840473237	6.13451498419	0.0200382446301
6430514E13RIK	0.000211855515955	3.62903220703	0.0444985391198
MLH1	-0.000212032602342	4.9275287336	0.0345569394943
PCGF3	-0.000212339724444	-2.79143956142	0.0850000590669
A330086O21RIK	-0.000212884246169	-5.68312316038	0.00625189292757
LOC385392	-0.000213557497054	-4.31295247134	0.018603598645
BC062115	0.000214098073396	4.36029058683	0.0209540373924
BTN1A1	-0.000214121550806	-2.21841536928	0.0967404157403
LMBR1L	0.000214256116758	3.88270734662	0.0498121237099
4930418I18RIK	0.000214563944808	3.39193283149	0.0770108420297
GPR137B-PS	0.000215237767883	2.56123655841	0.0707459557771
MYLC2PL	0.000215275949452	2.66585878895	0.0824580985946
CXADR	-0.000215468258798	2.60835960385	0.0783073090638
2410012H22RIK	-0.00021571173615	-3.02200227695	0.0579398232836
ENTPD6	0.000216524218914	3.09628907588	0.0380925153731
MCAT	0.000216533380302	4.36090406737	0.0370327987557
LOC236598	0.000217014465994	2.37779153012	0.0934686934591
IGF1	-0.000217514881585	3.0301434068	0.0542525330114
LOC218060	-0.000218380550033	-4.27279454997	0.0161533576598
CSTF3	-0.000219262833623	3.66612357747	0.0271746931752
C430014M02RIK	-0.000219527740249	4.99362098985	0.0289112851874
CCDC92	0.000220671237482	-2.48795762032	0.0693302124272
A630059F13RIK	-0.000221216750114	2.69477555489	0.0619589242153
CCDC109A	0.00022207441058	-2.97916451114	0.0836948720179
AATF	0.000222193002073	4.9060946382	0.0361543838743
1600029O10RIK	-0.000222421153243	-5.43719380038	0.00555377720674
PRKCA	0.000222564980326	7.75016312537	0.00208492579177
BC023151	0.000222716209535	3.77304156742	0.0198676513775
4930532K22RIK	-0.00022300418856	4.71056978786	0.0206393869437
POLK	0.000223202082571	7.37072756416	0.00948402349415
GABARAP	0.000223698320319	3.70858216329	0.0422911768152
VRK1	0.000223840518504	-2.8506165392	0.06759113611
VLDLR	0.000223970060322	6.50480416634	0.00669528719707
LCP2	-0.000225064156199	2.91407752575	0.0979606819008
C530044N13RIK	0.000227099918404	8.72552092912	0.000955359655372
2810035J02RIK	-0.000228061880151	-2.98110974862	0.0845676713652
ZNFN1A3	0.000228462678429	3.43405284537	0.0378942963508
OLFR1249	-0.000228658177335	2.84744272362	0.0846172457235
ROBO3	0.00022991014104	4.136401787	0.0177721730255
MSI2H	-0.000229965712907	-2.59752431486	0.0606206432181
2210008N01RIK	0.000230510288811	-3.45973837251	0.036133644234
RAD21	-0.000232879875647	-3.14015372975	0.0804918765932
LOC100047762	-0.000232909754392	3.12336424843	0.081940293309
H2AFJ	-0.000233058807783	2.4686439392	0.0997651225635
LOC674089	-0.000233541982357	3.56378190378	0.0278527146416
9530076I17RIK	-0.000233836656695	-2.60757717381	0.0596531746333
ARHGEF1	0.000234028734249	-4.10582490678	0.0151500588498
PSMG3	0.000234270298497	-3.78892528169	0.0211235236613
PPARD	0.000236194819162	3.09364379163	0.039309733678
TCRD-V1	0.000237167123379	4.87625653982	0.0252972900418
9930108O06RIK	0.000238351292511	2.8780966141	0.0799450387468
OTUB1	0.000238499726236	4.46948791515	0.0398124058221
LLPH	0.000239344598644	3.25609170194	0.0778828979425
GRIPAP1	-0.000239405229682	-4.64179104478	0.0215087294132
PSMC3	-0.000239929544871	2.8983966496	0.058965478322
D130059O18RIK	0.000240138660631	-2.71468136058	0.0541864462001
2900010J23RIK	0.000240792249131	-3.69321996706	0.0478918390522
POLG2	-0.000240884591701	-2.65911247297	0.0942852019437
PSCD1	0.000241062765515	3.07416460161	0.0675256924103
1300018I17RIK	0.000241718258431	6.66216917952	0.0031817743079
E130208E03RIK	0.000242032290654	-2.97085886479	0.0482042225821
A530025E09RIK	-0.000242033800215	2.98292961873	0.0538821363802
SCD2	0.000242418191636	2.94505259865	0.0652058521608
TUBA3A	-0.000242490580187	-3.70805165371	0.0233976185945
4833425P12RIK	-0.000243033820943	-2.21493462294	0.0996362848745
TRAF5	0.000243114720226	3.11128487206	0.0366825015997
A930001N09RIK	0.000243868426095	-4.89275308453	0.0269272620887
4632417N05RIK	0.000243882305392	-4.70082217655	0.0219336701036
C230079O04RIK	-0.000244498626201	2.51494686183	0.0680319832668
LOC380854	0.000244940230817	3.43896846417	0.0483484379427
LOC670356	0.000245608707878	2.9282597558	0.0718297425273
PEF1	0.000246258241204	-3.33612806171	0.0338513828036
CYP2S1	0.000246328753269	-3.19064516121	0.0417098309153
NBEAL2	0.000247611437313	-3.1797886914	0.0421098920664
GPRC5A	-0.000248687509327	7.50028182224	0.0048580504084
GNPAT	0.000249033169305	5.20448062985	0.00668074982946
INO80B	-0.000251227538144	2.786798173	0.0503273803292
A430105D21RIK	-0.000251936140176	3.49015028119	0.0254780176276
ZFP148	0.000251939595579	3.44968635855	0.0331656894236
LOC100048372	-0.000252163602604	-3.2821837277	0.0368443439583
9430088P09RIK	0.000252402677304	-3.52066266156	0.0595106643533
FAHD2A	0.000253042298056	5.44711173031	0.0166776091527
5430426F23RIK	-0.000253185664585	-4.69621612995	0.0124916781143
1110017D15RIK	-0.000253649242149	-3.23253045275	0.0661488788931
ZFP768	0.000254233473065	2.87004647885	0.0595336138921
ATP5S	-0.000254478551143	-5.18812309544	0.0133554140577
RTN4IP1	0.000255110525422	-2.73986744464	0.0992218061104
HAL	-0.000255574216042	-4.97168756047	0.0109536136342
ANGPTL7	0.000256854641652	-4.2122325439	0.0497773256988
KLHDC1	0.000256890044665	3.8280362768	0.021580926458
BAHD1	0.000256987273879	-2.6468784943	0.0986387588102
BNIP1	-0.000257101009672	-2.42396814986	0.0786780677855
SLC25A36	0.000257444015471	-3.05025475232	0.0610358883665
CAMKK2	-0.000259086329139	4.69624066241	0.0146848639795
ZFP326	0.000260372831232	5.41791499793	0.00867818317134
ZC3H7A	-0.00026094973479	5.6047502409	0.0249154564955
4930438D12RIK	-0.000261420109487	7.21048354768	0.0128765364435
MRVI1	0.000261630965749	-2.75593667246	0.069857960719
1700007P14RIK	-0.00026207944456	-2.7045615519	0.0539732021509
OTUD6B	-0.000262081494223	3.02009633653	0.0400417797908
DNMT3L	0.000262416398989	7.7473674037	0.0109277115558
FADD	0.000263882319925	4.03838243084	0.0556912174261
SFXN4	-0.000264758993448	-4.08993730157	0.0295654021021
SIPA1L2	0.000264769280007	-2.77681863412	0.0603410668966
PTP4A1	-0.000265195524793	-3.03782803928	0.0472382615311
5830420C15RIK	-0.000265438127644	-4.17850068555	0.0296765939053
2810405K02RIK	-0.000266395929051	-2.69974223511	0.0570564452395
CIC	-0.000267183511304	-3.39445249661	0.0341818861977
VASP	0.00026770911172	2.41372816492	0.0801080897314
1500011H22RIK	0.000267801257396	2.36608365136	0.0826895555564
GPRC5B	0.000268629533766	-2.68094905948	0.0589769157705
1110036D12RIK	-0.000269960646541	3.2735009879	0.0428721438072
B130047N10RIK	-0.000270059813113	3.40384671317	0.076276504228
LMCD1	-0.000270120197777	-7.50718761833	0.0157139003578
UBE2G2	0.000270131426036	3.75815326613	0.0198349370509
6530415H11RIK	-0.000270302498524	-3.48203552948	0.0542971143435
B430216N15RIK	0.000270748902821	2.23766130792	0.099719183698
HAS2	0.000271295910765	-5.13692264206	0.0332732291472
SRP19	-0.000271482110369	-2.74743088409	0.053196542448
COL22A1	0.000272643525614	4.50006179435	0.012957184911
2310036D22RIK	0.000272937874712	7.70941507668	0.00173368857388
PHF11	0.000273085447684	2.80918612149	0.0901879945969
LOC384663	-0.000273759293675	-5.00726539161	0.0255483251299
C79267	0.00027414857211	-2.60412066051	0.0597926606004
MTIF2	0.000274802721664	-2.41052212803	0.0906769744245
PDDC1	0.000276063268808	-4.35929176317	0.0461469984539
PCCA	0.0002765224541	-7.42613903611	0.00198876964909
JMJD2B	0.000276997765127	-3.21038467053	0.0362221665261
B930094H08RIK	0.00027726414731	2.93656286749	0.0936359840025
EIF2B1	-0.000277907817291	-3.63023718352	0.0414103140083
PSG23	-0.000277926307609	3.19953936729	0.0556429646511
KIF11	-0.000278057764065	-3.14995780598	0.0395914479548
GDF3	0.000278264063091	-2.83823848135	0.0681185801344
2310076L09RIK	0.000278434298214	3.20408611381	0.0342472188552
SOCS3	0.000279118566928	3.12814153789	0.0397139024293
TSHZ1	-0.000279170548054	3.69402541642	0.0251487776249
UBA2	0.000279357782489	-2.69397327502	0.0577028527014
6720463M24RIK	0.000279589875886	6.58651146311	0.00619036921354
GALNT9	0.000279709710837	-2.17219368332	0.0959615150375
RAD51AP1	-0.000280216537891	3.51691530892	0.0295233218328
A730023M06RIK	-0.000281141482636	-3.32221010944	0.0652507990596
NFRKB	0.000281953047347	4.79004173927	0.0203174472444
CDKL3	0.000282124502146	-3.44261325729	0.0420678867551
DDX49	0.000282591293832	3.03879915278	0.0745956703715
9130422G05RIK	0.00028328403167	-2.49315527387	0.0924996374398
DPAGT1	0.000283902636263	2.85817849163	0.0832804029927
LOC100047837	0.000284091982915	-2.82456661909	0.0613485584436
IGHV1S14_K00707$X00161_IG_HEAVY_VARIABLE_1S14_164	0.000284261199964	-2.58206168356	0.0796136158997
ARHGAP19	-0.000285203063716	2.54975067433	0.0841420857809
CBL	0.000285370018246	4.79360043225	0.0325283811966
SURF2	0.000285830294615	7.31627818662	0.00328479490965
9030024J15RIK	0.000286141689378	3.48278811633	0.0551366029601
CDC40	0.000286521224588	3.21372083887	0.0577068185514
SUV39H1	-0.000287204409725	-2.4291131281	0.0950991488156
HGF	0.000287278546431	-2.1676374508	0.0991847377562
B130019G13RIK	0.000288426374858	-4.26940193684	0.0487047788729
2810003O05RIK	-0.000289318427776	-2.76924934763	0.0530131486816
MAD2L2	-0.000289508991238	6.00960428537	0.0247397536406
PACSIN1	0.000290179622717	-2.50528028423	0.0701246810148
ZFP191	0.000291301982148	-3.4347826087	0.0380529766121
SLC7A6	0.000291553534786	-2.94130375398	0.0641170224417
PRELP	-0.00029288625756	-2.8145925166	0.063525827212
PGAM5	-0.00029334829487	-2.76781361836	0.0505638814973
SEPT6	0.000294658359165	-4.62563726074	0.0310682124269
CSF1	0.000294840440779	3.87564019732	0.0275496663477
2610024N24RIK	-0.000295143937677	12.9373793619	0.000210666540096
EFR3A	0.000297912320548	-3.05607365862	0.0635021282617
1700020I14RIK	-0.000298046152558	-3.73911923563	0.0349104688865
ZFP595	0.000298303109965	3.02824898729	0.0834143353666
BAX	0.000300397600111	2.6703856242	0.0981743885476
9330174H21RIK	-0.000301086599449	3.36557242501	0.0780837393605
ZFP160	-0.000301439535242	6.9531267473	0.00227068608432
USP5	0.00030159687441	2.23423751019	0.0913457349508
KCMF1	-0.000301620633821	5.07985019944	0.0192434816704
A230050A16RIK	-0.000302351006249	-2.87114800883	0.0618044917529
CASK	0.00030333342187	4.65087867987	0.0333793507861
EPS15	0.000303525664178	2.50352269798	0.0708315441057
MTERFD1	0.000303693624266	3.55471307572	0.0691684235543
2010312A17RIK	0.000304361788778	2.46965157684	0.0872111907568
PFN2	0.000304544240432	-3.8327172696	0.0255128855783
LOC383770	-0.000305286525764	-3.10472933801	0.0549433513795
EEF2K	-0.000305868328491	-2.69641111277	0.0571301038284
6430407D20RIK	-0.000307340192461	4.47610222315	0.0212594957731
SOLH	-0.000308208983186	3.7407329501	0.0613803748243
3010031K01RIK	-0.000308616815821	-4.17109796725	0.0529535930606
ITGA4	-0.000309354663547	-4.37337470992	0.0344990963197
MRPS18B	-0.000310349095153	2.64660791147	0.0999426611603
VEGFC	0.000310858096498	2.95215781963	0.0421647274913
2210021J22RIK	0.000311546158577	3.52840279388	0.052143576492
SMARCE1	0.000311750764488	-5.4598315868	0.0202318930738
GALNT10	-0.000311929536334	-3.76783031654	0.0237483946564
1810020C02RIK	0.000312659250073	-2.70643735372	0.0781031695237
2410042D21RIK	-0.000314400989162	2.38387103091	0.0832077603408
AA691260	0.000315021184484	6.00411946495	0.0159156108756
MMRN2	-0.000315354305953	2.85076580442	0.0625072886308
TERF2	-0.000315955325848	-3.07204583741	0.0633472275729
BC053749	-0.00031610336553	12.098518549	0.00653700199624
PKP3	0.00031629740137	-3.20637881802	0.03455967197
CYP4F16	0.000316477813489	2.41710871919	0.0729928389366
AHI1	-0.000317059233837	-3.31859765912	0.0792608765855
SCL0003253.1_81	0.000317533854326	5.08735775698	0.00815815108423
9830165L15RIK	-0.000317701638555	2.46559053589	0.0764394045221
MYST4	0.000317865188904	-4.64246374005	0.0333289975997
MEFV	-0.000318224799544	2.58376729397	0.0615188027981
CC2D1A	0.000319431497497	7.81046732707	0.0109565678557
GPR84	0.000320182965901	3.30158605653	0.029903543291
GZF1	0.000320238262022	2.81824383218	0.0630843188095
LOC381730	-0.00032462117843	-3.43924038633	0.0746842471915
HIST1H2BM	0.000324696958056	4.66908838522	0.010038920057
PPP2R1B	-0.000325111464728	-2.33702013989	0.0800284857297
2810013E07RIK	-0.00032566522061	5.28195176245	0.0065234395707
IFI202B	0.000326708735343	2.76267517105	0.0780187907703
NUBP2	-0.000329347062457	-2.36889823169	0.0930324755024
5830432E09RIK	0.000331414530383	-3.53253164754	0.0445644590088
MAP3K7IP2	-0.000332991320787	4.48072796283	0.0112541686464
2510039O18RIK	0.000333503476287	-2.76699295265	0.0506269299445
8030474H12RIK	-0.000338433917107	6.30971473206	0.0242093390225
NKTR	-0.000338931191143	4.6	0.0441526198381
TUFT1	-0.000339617075726	9.79834265562	0.000841370660886
COVA1	0.000340971729704	-5.08232998978	0.010597908268
KLRA33	0.000342185354795	-4.4376015698	0.0472138653193
TARS2	-0.000350965492645	3.53497708509	0.071543482646
TMCO6	0.000351169496396	4.23691589611	0.0514449457214
ZFP654	0.000355792116901	-9.04194430179	0.0120114730114
TOP2B	-0.000357285389902	3.39950051825	0.0380702019553
UBXN2A	-0.000363101700505	5.21970143005	0.00648555228813
ANKS1	0.000368582053962	-8.17823300876	0.00175001922342
USF1	0.000371223291373	-2.40865429418	0.0743509110736
1600012H06RIK	0.000376310841272	8.69626356546	0.00680778895902
MBD1	-0.000376766437966	3.17902696196	0.0863285253176
ZZEF1	0.000377612368244	2.71955878774	0.0809779346704
KATNA1	-0.00038296058456	-3.06570269389	0.0919587979949
4930404F20RIK	0.000383130732524	3.50871350331	0.0723133486424
PYCRL	-0.000392735501578	-2.78875953843	0.0722022329406
SIRT2	0.000392844705967	-3.25660936975	0.0827545825955
RFX1	-0.00040396156366	-2.64142381769	0.0898603302466
LOC100045040	0.000412474846271	2.96499726664	0.0526830848296
NCAM1	0.000415430028987	-2.83137678362	0.0739849723764
2610301N02RIK	-0.000415738104914	-3.16	0.0872387535368
LOC382128	-0.000416867952818	2.92597347129	0.0591798844519
BC002163	-0.000419038825371	4.45569761836	0.0412304439167
KLRA1	0.000419330495102	-3.25078080983	0.0367506402022
D10JHU81E	0.000420107838452	3.62873533501	0.062472691615
GUCA1A	-0.000420916592176	8.76361132685	0.00197494807323
L3MBTL2	-0.000421021928153	3.14389207988	0.0561077474861
VTI1A	-0.0004223771525	-3.24935218765	0.046839368042
CAPRIN1	0.000422700761749	3.84582216422	0.0368392010043
D830027H13RIK	-0.000423930118738	-2.69221207858	0.0643171445399
FRRS1	0.00042410944899	-3.12172851428	0.0385205755531
ZNRF1	0.00042507769976	-5.15495349811	0.0226377228089
HSD17B7	-0.000425363052143	3.66020774605	0.0567312030644
SLAMF7	0.000428002937241	-4.62882279675	0.0168076052224
LUC7L	-0.0004346339506	-5.79883244765	0.0205707704457
MPV17	0.000436631703429	5.28980840974	0.0308797910465
C130064E22RIK	-0.000437027577661	-3.60059518889	0.023538407162
TCHP	-0.000437113965142	2.55478221798	0.0881487704526
GPR89	-0.000437620804605	3.89895600461	0.057819853615
1110019N10RIK	-0.000439314750817	4.12913711408	0.0410788345686
SEMA4D	0.000441943813194	3.05716593403	0.0384049561093
PER	-0.000442705019322	2.50925302624	0.0720259071738
IFT20	-0.000442856228485	-3.26252148799	0.0761148942441
CBR2	-0.000443061130875	3.29855945914	0.0398770410919
ZFP746	0.000444754770666	3.5230899884	0.0338881952638
LOC100039607	-0.000444953607647	6.99174382779	0.0160477478901
LONP1	-0.00044561410157	8.25453445421	0.0129594600298
TCRG-V4	0.000445906182469	3.88985203424	0.0182407775546
ZFP212	-0.000446431170836	5.24928878356	0.0115549485701
CTNNAL1	0.000447363679239	5.18614503379	0.0142381857688
9530095N04RIK	-0.000448426578008	2.99579261255	0.0402163600512
CUL3	0.000449246043385	-3.28095295191	0.0388805861011
FTSJ1	-0.000450994960698	-2.46891476944	0.0691218917878
1810020D17RIK	0.000451219256876	2.66004105033	0.0768554988356
LOC223586	-0.000451232345034	-3.37175807642	0.0311199030836
1810013L24RIK	-0.00045253212849	-3.9244879307	0.0342866084508
CDH1	0.000453021058876	6.07470576357	0.00751618774932
5330403D14RIK	-0.000454120918777	-7.12458080329	0.00424559993717
DCPS	0.00045444038443	4.44993988166	0.0418253822933
IBRDC3	0.000456722108343	3.5030760096	0.028766942385
A930006A19RIK	-0.000456845921518	-2.83176502586	0.0754463351131
TNFRSF4	-0.000457894871916	-4.10228406404	0.0378979303753
4732450N03RIK	-0.000458333748282	-3.0722324293	0.0392853688216
EFNB1	0.000458753530528	3.95110513029	0.0486835905321
TOM1	0.000458842080314	-3.60059518889	0.0692215899112
BC056474	0.000459939226282	2.75997070207	0.0608709859768
C330011F01RIK	0.000460166175199	-2.23798160042	0.0939920763999
POLI	-0.000460441445303	3.06445418938	0.0376851141178
CD34	0.000460688655986	-2.75893253918	0.0948083154146
D17H6S56E-5	-0.000462360940663	3.44378412837	0.0749615129457
LRRC8A	-0.000463182627835	2.25886553346	0.0923346399862
USP15	-0.000466081772492	-4.05553552827	0.0510162689206
VAV2	0.000470231711514	12.8658907452	0.000306179442946
CDKN1C	-0.000473060996049	-3.46950301206	0.0264069921684
HN1L	0.000473119615021	2.47177401956	0.0978802687626
ZFP715	0.000474983915016	2.61209278502	0.0693272239931
4833412N02RIK	-0.000475033318555	5.8812173304	0.0104487606541
GRASP	-0.000478718776698	5.43911757549	0.0309330687888
ESPL1	-0.000481341853121	4.83101809337	0.0115066140302
LOC277837	0.000483085901639	6.55770783891	0.010339152075
EG665378	-0.000483208036941	-2.40460050613	0.087581621578
1600002K03RIK	0.000484924627278	-4.2263622613	0.0386902214312
TRSPAP1	0.000485079897411	-4.55836467657	0.041434705753
SLC3A2	-0.000486768201313	5.79018980747	0.00446439866332
TASP1	-0.000488317416648	-3.25800246036	0.0368044396012
SCL0001978.1_6	-0.000490184702064	2.76000202341	0.0667901021467
POLL	0.00049054653964	5.95340557788	0.00567047017593
LOC627317	0.000490911389614	4.52803765444	0.0106710221114
5530400K22RIK	0.000492234629047	2.51828992349	0.073142536083
PPP1R14B	0.000492278804464	3.03232628784	0.0389915094085
LOC667269	-0.00049409521158	6.74001288543	0.0150973775881
TIMP3	-0.000495613456607	2.58760914314	0.0618184754328
JDP2	-0.000498336362471	-2.29221988923	0.0839586271696
SAMD1	-0.000499183755081	-3.50542436803	0.041024923767
ZFP810	0.000500876422277	-3.583669296	0.0505568885981
LOC244710	0.000501562842547	-3.46585501158	0.0449786714172
LOC674706	0.000502051529021	-3.2000508318	0.0576919131799
5830468K18RIK	-0.000502352891201	3.44151728256	0.0358051959135
LOC268730	-0.000502577230453	-3.83214557267	0.0366046514545
D030026J11RIK	-0.000503172926612	-2.96606217035	0.0415979846769
0610037L13RIK	0.00050435109446	2.68798116036	0.055551181403
DPH2L1	0.000504705976179	-3.1545631203	0.0408307966965
LYAR	-0.000505251131506	-4.61223113	0.0133319718657
1700021K19RIK	0.000506509621865	2.32902742029	0.0949402875835
BC014795	0.000507018781859	-4.84079785443	0.00938060956321
DIAP1	0.00050811468278	10.7300656956	0.000724512560217
TMEM131	-0.000509345428634	3.00877400761	0.0396236580222
SAPS1	0.000510588790959	4.79842625554	0.0113869472877
DNAJA2	-0.00051261984162	3.87317525641	0.0195346834086
FEZ2	0.000513292836281	-4.14971394028	0.048469525606
NRBP1	0.000513458004593	4.59793097512	0.0152037568548
TRABD	0.000519078374646	2.94680379494	0.0955385777185
UBE3B	-0.000519710419622	4.43532762573	0.0211642440567
SCL0001923.1_57	0.000520252249524	-2.81413787846	0.0906026606843
GDA	-0.000520344504998	3.45481348133	0.0678128004435
MYO7A	0.000521927871223	-2.84646486097	0.0483543590953
D230048P18RIK	-0.000522234417525	2.56519476052	0.0625925554904
E2F8	-0.000522561623189	6.4717440886	0.00380478725853
FRAG1	0.00052276999347	-2.99068843073	0.0498798797451
8430407G10RIK	-0.000522972360909	-3.90614429301	0.0411593602268
NMNAT3	-0.000523384308433	-4.03256687749	0.0186308680894
2900064A13RIK	-0.00052436330701	3.66810540185	0.0649879340108
C330018D20RIK	-0.000524843752943	3.36493309326	0.0553120550097
EIF3S8	-0.000524902917873	-4.64810516074	0.035247267085
2310022A10RIK	-0.000525070123835	-3.76623653839	0.0197379445176
CCDC84	-0.000525276282145	-3.37357934524	0.043550362612
LMAN2	-0.000525629749667	-3.90331016902	0.0331854756139
DVL1	-0.000526291239293	-2.62127916674	0.0971030864608
0710001C05RIK	-0.000526723781302	-2.53391649974	0.0681244076276
FIBP	0.00052725255598	-2.95448255665	0.0427327234949
PNPLA6	-0.000530230592217	3.29610682723	0.0393566054439
TARSL2	-0.000530255670363	7.17402656498	0.00405719632917
ELAC1	0.000530587240994	2.26276036155	0.0913598414743
ALDH4A1	0.000532313703757	2.28614284842	0.084229701353
SEC31A	0.000533460752724	-3.87481551719	0.0311970875134
LOC382527	-0.000533849088158	-3.68879214441	0.0241857603089
D430028G21RIK	-0.000536361850001	9.64578856877	0.0105776923505
1700020L24RIK	0.000536390920024	-2.83188649688	0.0529634156957
C130032N06RIK	-0.000538108673248	3.14798797848	0.0764340355384
RBCK1	-0.0005383609884	2.8325289003	0.0531426051247
3830402I07RIK	0.000538591234196	2.32288601484	0.0930958710963
OAS2	-0.000538963928335	-3.98767187691	0.0164568606687
NAT2	0.000538988185592	5.20792322453	0.0174070706272
AW540478	-0.000540121852001	5.14685938865	0.0261891850723
5430440L12RIK	-0.000540191740335	-3.04177672183	0.0459967543308
2400009B08RIK	0.000541074642207	-2.69468823678	0.0595048198861
4932441N08RIK	-0.00054399690598	2.78337550791	0.049836516615
RYBP	0.000544705032654	-2.75795770691	0.0806329798412
AW112037	0.000544948603297	-2.51459438267	0.0859835984989
GLUL	-0.00054601836237	2.9192017968	0.0667496428576
CUL4B	0.000546687845448	-6.50334259118	0.00303246850191
SART3	-0.000548125441698	-4.01224952403	0.0233919658644
MRPS7	0.00054890696398	2.3181391296	0.0834375017085
RPS6KA3	0.000552015588661	-6.67787874145	0.00603489362416
5630401D06RIK	-0.000552047155809	-4.40642640075	0.035136495004
LOC381947	0.000552196030661	3.17778126506	0.0630485343724
ITCH	0.000555837248079	3.89289080579	0.0600993737024
LOC100048384	0.000556297656978	-2.63007650454	0.0599182995959
MTDNA_ND3	-0.000556484628184	-7.46278615591	0.00497741295081
BCL2L11	-0.000562934548144	3.00949160344	0.0619846830897
CCDC132	0.000564018696665	5.00606793026	0.0075002802773
4930427A07RIK	-0.000565457371017	3.01086955705	0.0938092426578
TANC1	0.000567746830684	-2.54191207962	0.0666649653269
LOC631302	0.000567762315765	-2.29342735896	0.0864274787997
SGK3	-0.000568037051326	2.23586507307	0.0898796150608
LOC100042179	0.000568149799241	4.04927527392	0.0356084059249
STAT4	0.000569190862761	-5.12444152958	0.0135692220537
DAPK3	0.000571233591849	-2.76029191995	0.0882062580126
LOC386199	-0.000572601527607	6.00586395932	0.00536948266044
A630001G21RIK	0.000573200017417	3.78906693947	0.0344731236087
SHMT1	0.00057332983264	4.72504021298	0.00976214206409
ITGB1BP1	0.000574135130923	5.51664689772	0.00537870690077
EG434907	-0.000574572848573	-11.1008435837	0.000967511647649
SURF1	0.000575426728819	2.32645448873	0.0814680401783
HEMK1	-0.000575515133522	-3.88548294824	0.0303741068829
PLEKHO2	-0.000576015193206	2.3578026687	0.0788180079482
MMP2	0.000580046713726	-2.2172874501	0.0936871104485
MAGED1	0.000581531775907	5.13035531626	0.0253091728908
ANKRD13D	0.000582193387489	3.50523742702	0.0441830744426
LOC381132	0.000583490426737	9.59495432551	0.00632519258539
WDR46	0.000585109736317	7.11330281065	0.0141207354635
BFSP2	0.000586224482129	-2.30159778027	0.0833484994062
ANKRD12	0.000590537572577	4.91383771074	0.0115152841928
LYNX1	0.000592266157903	2.44344834161	0.0824225921291
2810037O22RIK	0.000593255582946	2.60384539934	0.0616413050343
CHMP5	-0.000593749567344	2.39350791876	0.09965093838
USMG3	0.00059712664599	-2.71631004882	0.0848323026734
HEXA	0.000598202916856	4.73200739249	0.00918252657691
FAM120B	0.000599270379469	4.64170507814	0.0174652175899
GOLGA2	-0.000599448676264	-3.34046492587	0.0497047995913
8430432M10RIK	0.000599954478216	4.30500734439	0.0420353043253
SPG7	-0.000600313748119	2.96458329185	0.0569002312966
SCYE1	0.000601084054715	-2.91273588442	0.0868740380613
LOC100045877	0.000602827872916	3.3142449018	0.0315483020474
FRYL	-0.000606686567477	3.25597001325	0.0561896207176
FUSIP1	-0.000609673228081	5.44469273258	0.0314274319667
FBP1	0.000609697240844	5.9175181881	0.00432486509425
ATP13A2	0.000611600371559	-6.59745706185	0.00273622378933
LOC225609	0.000612526772333	-3.18964411456	0.0676944378571
MCFD2	0.000612541840994	-2.84672889878	0.0805001201101
LOC386270	-0.000612720652297	-2.37923976117	0.0865394659594
TNFSF12-TNFSF13	0.000612870328925	-2.78579580982	0.093305143593
STATIP1	0.000613625075121	2.48484102857	0.0901108355766
ERCC1	0.000614255535043	-3.47781275237	0.0260156374501
4931433E08RIK	0.000614474471325	-2.40375634221	0.0935899144821
SRP14	-0.000615948375643	3.48782937564	0.0423515297396
CDC25C	-0.000616433516651	-3.63533145761	0.0313611436113
RAB21	0.000619799934494	4.88445413464	0.0150163610902
BLMH	0.00062045945445	5.52387553999	0.0052465274764
1200003I07RIK	-0.000623361418578	4.53663754073	0.0254413431264
C230096K16RIK	0.000625157006366	2.56822728412	0.075766129639
A630056H20RIK	-0.000627415253829	3.26896771726	0.0635522949364
RRAS2	0.000627720161293	3.38020538667	0.0757652416033
PEX14	0.000628043310383	5.91894005853	0.00484578438053
CBARA1	0.000629087760723	-2.43056454001	0.0857533180378
NDN	0.000629692016416	-3.1571082589	0.0481622404134
MYCL1	0.000630528541259	3.7446819299	0.0581973699047
9430029L20RIK	0.000630625353808	-3.63060372699	0.0240215029547
GIMAP7	0.000631141061529	-2.49297553814	0.0760831849659
D630035D13RIK	-0.000633434552028	-3.10732470637	0.0559584785652
ING3	0.000634692416947	-3.0270651612	0.0884582247389
MTAP7	0.000635651094829	-2.65129927581	0.0639517321832
TRIM32	0.000641539037924	-3.58301644472	0.029069039806
NUDEL-PENDING	0.000642080891922	-3.42474024707	0.0318870368047
POLH	-0.00064287422179	9.61097048998	0.000675138090698
ACOX3	0.000645755652118	2.95524541785	0.0979650428254
E030020A01RIK	0.000645818316597	3.24910772843	0.0469225069422
SCL000416.1_19	0.000646814912001	5.38496087052	0.0161842918089
MTHFS	0.000647990756143	4.02138325914	0.03100780856
TPP2	-0.000648608824494	3.35410196625	0.0538920431321
ASTE1	0.000649690943032	7.08519647499	0.00364604858653
GTF2H4	-0.000650385354433	2.88772554456	0.0654075866395
5031414D18RIK	0.000651568782872	-2.18480813533	0.0942446732057
GSE1	-0.000652799295969	-2.6069585491	0.0781478617779
GMPR2	0.000653058754744	-5.19011444584	0.029406045952
ZFP579	0.000653235419898	-4.59389828778	0.0350052711165
LSM12	-0.000653286124419	-3.07132788801	0.0621481502994
2510002A14RIK	-0.000653903259652	-2.92947937159	0.0670784338902
TLR1	0.000657408438354	-3.11896476038	0.0843952911731
MLYCD	0.000660719553649	-2.64183274674	0.0588685077607
PSMD12	-0.000661129398488	-3.58248088109	0.0439088196326
ITSN2	0.000663870713456	-7.15635947674	0.0040419138422
AGPAT3	-0.00066597760842	3.86036070729	0.0601399058964
PIGF	0.000666638168302	-4.13496636455	0.0357802331698
EG433229	0.000667088322185	-3.28282990041	0.0530613565701
DNAJC2	0.000671138188589	2.56634030006	0.0640900848441
2610524B01RIK	-0.000671598101099	-2.81764171436	0.060299089281
1110020G09RIK	-0.000672059159974	-3.23328031959	0.0320146769208
RPO2TC1	-0.000675385798987	-3.43096543235	0.0365048607346
PCIF1	-0.000676368099273	3.41776723734	0.02695920714
SPIB	0.000676887618833	3.31515044096	0.0654461867606
LOC100044636	-0.000678310605497	4.81688133506	0.0174724475407
TIMP2	0.000678403751256	2.27397870077	0.0970518000636
5830409B07RIK	-0.000678678764857	4.26907552014	0.0138359477807
5830454D03RIK	0.000680124019658	2.48998469543	0.0905976970947
RABEP2	0.000680250640935	4.78442683583	0.0405301658332
2310043J07RIK	-0.000680354510213	-2.57756039702	0.0630465471308
ECM1	0.000680542440788	9.40944799532	0.000712420099055
GSN	0.000680624145506	4.74294899694	0.00921827682372
LOC100040085	-0.000680644530401	22.8064366608	8.79177260706e-05
ERGIC1	0.000680753630375	4.88470319147	0.00859582346243
PODXL	0.000681801014012	2.3767298347	0.081355596055
ENTPD4	0.000683243266171	-4.02359510764	0.0160292511462
ALDH1B1	0.000685286055684	-3.29785117439	0.040581547871
DCTN3	-0.000687591551636	6.33657450652	0.0187686322752
PPAP2C	0.000693813929629	2.18027130055	0.0976737844831
PDIK1L	-0.000695868499907	3.22459083705	0.0380530268356
PPP3CC	0.000697537972687	-4.80343977873	0.0199536849305
0610012G03RIK	-0.000698422426931	2.63778554889	0.057955570081
EML4	0.00069992540011	4.24358792161	0.0496237198401
4631426J05RIK	0.000700909551391	-2.40417169284	0.0776286120801
FBXW2	-0.000701457815556	-5.43264939402	0.00641344967943
EAR6	0.000702384155288	2.35460036039	0.0810101451986
UBE2E2	0.000704588125295	2.63214016966	0.0957533103504
LINCR	0.000705321257835	5.43099639854	0.00654075098869
ADAM8	0.000707252761746	-2.59292455337	0.0788820003027
AB041568	-0.000710826905225	10.2053777048	0.00459073236147
ZFP262	0.000713006839757	3.32336457578	0.0501292335668
CLIP1	0.000713282517976	-3.66192661672	0.0234829499698
CHIT1	-0.000716030803236	4.23702784222	0.0176831012762
PPM1L	-0.000716562187715	-2.78334932832	0.0822897001207
IL18R1	0.000720618461577	-2.40970315702	0.0838909289631
COPB2	-0.000721880691659	-3.35725770931	0.0421748366098
TOR1AIP2	0.000722288543032	-2.36340568489	0.0831973187158
DNAJC16	-0.000725019722704	2.49788838157	0.077814427641
4833438C02RIK	0.000725425859506	-2.65214749178	0.0591075734799
SLAMF8	0.000726425290834	3.42342973096	0.051809410869
A830055I09RIK	-0.000728516763687	-3.11105645744	0.0359434671236
DDX11	-0.00072925170465	-3.26044605454	0.0312183972153
4933439C20RIK	0.000729305098008	-2.98825531861	0.0410205820408
GSPT2	0.000731387970593	-4.87548094182	0.00834080075573
SETD7	0.000733237944826	-3.06644462739	0.0377460060541
TIMM9	0.000735523159628	-2.96044623209	0.0764196643227
2600009E05RIK	-0.000737403896202	4.58396074157	0.0365540214802
LOC384419	-0.00074031594051	2.49622005044	0.0679069088881
LOC100045782	-0.000743398770871	-3.93771680179	0.0585084834149
A130004B21RIK	-0.000743803943105	-4.35716828078	0.0121074497001
BC067047	0.000744280935421	2.89127344223	0.0615818381141
HSDL1	-0.000744896735826	-6.17636252118	0.00516770411415
2610319H10RIK	-0.000745511238856	-2.93408583688	0.0495678569182
GNPDA2	0.000747132308643	2.99566102255	0.0549449443328
NET1	-0.000748767269482	-4.12890072763	0.0165419993452
THUMPD3	-0.000748794366773	-2.78272413456	0.0576576969731
LOC100047490	-0.000749963573208	3.1477927995	0.0408449462647
OSGEPL1	-0.000750001713011	3.4884335294	0.0340892689963
ARRDC2	-0.000750593976434	4.38813955262	0.0157519067054
STARD8	0.00075080119674	3.04804031555	0.0393121414227
H13	0.000756480570522	-4.73877775135	0.0194205649968
ZFP50	0.00075844579863	-4.60403514083	0.0100097936143
PADI4	0.000761270077041	5.01851594941	0.0247166306477
ATP1B2	-0.000762123487243	3.87804846899	0.0304243458445
4931403I22RIK	-0.000763486930778	-3.38983566143	0.0345334167798
TRPS1	0.000763830288215	5.64247900599	0.00633195274227
PIN4	-0.000767142818253	-5.42268915896	0.00831797202355
BMX	0.000767578692827	-5.52885325348	0.00756568351454
CCND2	0.000770600470006	-3.77798718682	0.0621405399744
CLEC2I	0.000772524849364	-3.34536482504	0.0291654138807
2310061F22RIK	0.000772834925453	2.67733852789	0.0682968288633
GNAQ	0.000782195135695	-2.8145607147	0.0795483858253
1190009E20RIK	-0.000785122249683	4.44277128299	0.0116054801575
AXIN1	0.000785509352374	2.40407460051	0.0755339812625
LCMT1	-0.000785555039564	2.93250777637	0.0910253287433
EDEM2	-0.000786805113771	-3.04650123403	0.0598503871983
TMEM77	0.000788529972922	4.56574703986	0.0329532979866
STARD3	0.000790217769911	-2.34396348018	0.0807324250441
CNO	-0.000790582588136	2.64498609013	0.0660933310939
1300018J18RIK	0.000791564566481	5.36788926814	0.0163394303016
4732496O08RIK	0.000793529013814	-2.60638595609	0.0660112037265
PCF11	-0.000795919621942	-3.68589820659	0.0389218483759
GM166	-0.000796717977882	-2.24555500817	0.0969814750291
F730047E07RIK	-0.000801591029289	3.87581610469	0.0268193734307
IGHV1S35_M12376_IG_HEAVY_VARIABLE_1S35_13	0.000803685554863	-3.22786397086	0.043660369947
2600001B17RIK	0.000805376379354	2.55819286975	0.0929543615809
MRPL44	0.000805382090056	-2.20707870251	0.0939921473512
CXCL13	0.000810049919133	3.16297899817	0.0578849705404
B230333C21RIK	0.000812590597342	3.1204770814	0.0365808684014
OCEL1	0.000813582702288	2.14088903145	0.0989945387164
MAPK9	-0.000818496281801	-2.72138359992	0.080922881476
UBE2C	-0.000823131304632	-3.94567264179	0.0438593517833
ANKRD54	-0.000824393423524	-2.24501565159	0.0889968422751
NPC2	0.00082711720161	-6.01082919061	0.00765731347785
2810454F19RIK	-0.00083157586958	4.47290020661	0.0245566640148
4121402D02RIK	0.00083210147769	4.52583187504	0.0346052027828
SUOX	-0.000832660128467	4.05360397387	0.017278849045
4732469G06RIK	0.000834215452691	2.54103331967	0.0722865848668
GPR172B	0.000835246222968	2.47277985242	0.0693654998251
2610020O08RIK	0.000835529801568	-8.20004450238	0.00184881289839
GM561	0.000835788253073	-3.24608651813	0.0818749259461
SERPINA3F	0.000836123875814	-3.11018171641	0.0358771803435
CYFIP2	0.000838096152479	4.19438897501	0.0517138797571
RECQL4	-0.000846891114593	7.23296025312	0.00301543668673
MTMR9	0.000847422769325	-2.87865525485	0.0639942971491
LOC619973	-0.00085047060012	-6.29325035256	0.00683537586063
NPC1	-0.000853213091677	3.47539730927	0.0676902576245
HIST1H4M	0.000854963446749	3.21734939096	0.0653458506791
SERTAD3	-0.000856329067653	5.74003773981	0.0223877534552
GTF2F2	-0.000856931314841	2.45070128402	0.0717049780422
PDHB	-0.000858266309417	-2.30042793553	0.0865209230619
LOC100041703	-0.000860540011117	-2.80302452145	0.0586295286869
HPSE	0.000862037676053	-3.24713010914	0.0828940989125
TBK1	0.000862098639039	-10.7068715033	0.000935158006783
TOR1AIP1	0.000874870767096	7.00909776756	0.00550038796438
RFFL	-0.000875306481796	-5.16556799273	0.00926901061846
SORT1	0.000876692826427	-2.26448823727	0.0875510602992
PJA1	0.000881498026366	-4.41424824666	0.0135485910631
STX2	-0.000881663503969	-2.89876052405	0.0445393598945
PIGL	0.00088456998462	2.67549714643	0.0944090243262
NCOR1	0.000885875532596	4.03882855246	0.022248234237
VNN3	0.000887662226991	-3.44203148024	0.0420814028028
ZFP523	0.000888544720709	4.24242587893	0.0314970008741
BIN1	0.00089210617705	4.41828900963	0.0461123540085
DUT	-0.000894495368757	-5.98412294482	0.00464848756993
UFSP2	0.000895404716396	7.21614045447	0.0050771932785
ANKRD13A	-0.000895713455796	3.5249551547	0.0468514732698
MEIS1	0.000896903981794	3.3638314019	0.0549440894928
6620401M08RIK	-0.000898920647211	-4.19679046241	0.0143752655845
SHKBP1	0.000899112516652	2.42544921623	0.0753243393086
GIMAP8	0.000899128979747	-2.19353196109	0.0943582884049
ULK2	0.000901042330991	3.0558425719	0.0768036866987
LOC630729	-0.000902614000679	-2.8568204694	0.0972900158857
MRPL48	0.000907795075217	3.19676914253	0.0366062769229
1110038G02RIK	-0.000912963751504	-2.83965108601	0.0901611140199
CDC45L	-0.000913326172347	-3.99444450362	0.0172903782467
LOC100047393	-0.000916515933032	6.38436682482	0.0109946659767
MKLN1	-0.00091746599951	-2.79494282286	0.0724673852975
SLC25A28	-0.000925090091169	-4.0	0.0291539490156
CHD1	-0.000928344122198	3.9005275461	0.0278807657716
TLR6	0.000929004512757	4.17968478679	0.0149150639152
6230415M23RIK	-0.000929095933444	4.351735321	0.0408402861278
DEPDC1B	-0.000932167558994	9.65138610415	0.000662357723873
LOC100047226	0.000933329204858	2.41607185659	0.0838117204737
GNAS	-0.00093421537578	-2.38580830521	0.0859772274205
RNF219	0.000936099323794	-3.13182085803	0.069588675223
LOC239770	0.000938970482751	-3.20898370214	0.0326209658328
LOC384742	0.000942021743512	-3.42143175928	0.0270164787116
BPGM	-0.000943644727624	-3.68342281269	0.0258483913303
TSSC1	-0.00094504893044	-3.31017615941	0.031610927081
EIF4ENIF1	-0.00094652765781	2.28968376044	0.0841852201045
UGT1A7C	0.000957443843328	2.98218307724	0.0642260628703
GFAP	-0.000958745974407	3.24483071332	0.0465744503532
2310009B15RIK	0.000959509152689	3.30446769422	0.0802940351909
PMS2	-0.000960664537952	-3.61169595108	0.022528090462
SPSB2	0.000961692340413	-2.70335127353	0.0540083809842
ORC1L	-0.000966000721007	-3.15633749901	0.0607481877703
1700081H05RIK	0.00096606494408	2.14648910672	0.0991686320983
CLEC4N	0.000972762874249	4.23040255222	0.0428404137969
COMMD3	0.000973785823355	2.84541992718	0.0470309000804
4930553M18RIK	-0.000980176353419	-3.33865230686	0.0667590002187
CTDSP1	0.00098479045372	-34.0	0.000863931046803
2610036L11RIK	-0.000990236307043	-2.53459010693	0.0840678396038
STARD5	0.000993237831731	2.97408958258	0.041475717695
D630013A16RIK	-0.000994525474169	-2.95372675759	0.0814091610897
PRKAG2	0.0010008576022	9.72633390953	0.00977477932204
E330019D12RIK	-0.00100381671647	-4.07002691228	0.0158033732079
AI316807	0.00100391188587	-2.31722628182	0.086881754136
9630027A13RIK	-0.00100825882352	-3.03688141889	0.040098813776
IVD	0.00101492383311	4.28959822313	0.0127852140402
LOC100046781	0.00101792957087	3.20207609272	0.066121151624
5133401N09RIK	0.0010187686645	3.70529801325	0.0524219096169
FOXJ2	0.00101911656473	4.91920938174	0.0317336771841
GTPBP4	0.00102283634401	-4.29012012505	0.0442918402937
CKAP2L	-0.00102363363675	-10.6519000095	0.0004885197875
9330147J08RIK	-0.00102648750518	5.32447180479	0.0270752291675
MFHAS1	-0.00102983043016	-8.27871571509	0.00116870768766
SEL1L	0.00103176617068	-2.27387412128	0.0857026033945
A130038H09RIK	0.00103242065861	2.87261727664	0.0470385960313
B4GALNT1	0.00103285302183	4.49893504227	0.0122624613664
E2F6	-0.00103630181414	-3.8821011723	0.0242919687091
ABHD14B	0.00104035215947	2.86054688422	0.0482644321744
CLTA	0.0010611212096	-2.54578330936	0.0724707823831
MINPP1	-0.00108092599	-7.52262177777	0.00170172684612
IGHV8S7_U23022_IG_HEAVY_VARIABLE_8S7_163	-0.00108127934059	-3.06155428795	0.0552581673388
CDKN2AIPNL	-0.00109493580154	3.10147558106	0.0417924403125
FBXO33	-0.00110387042759	12.0311123156	0.000287545525702
SLC39A6	0.00110511181698	-2.73009547753	0.0885083937385
ROD1	-0.00111567184149	-4.88393406495	0.0107044561302
TMEM87A	0.00111653325896	-2.25538932986	0.0871598118705
4930504E06RIK	-0.00112251147882	-10.4580655009	0.00266422333957
PPP1CC	-0.0011225368645	4.22205092975	0.0234969250456
EG665369	-0.00112648857434	-5.54950380495	0.03097017656
KNS2	0.00114182169849	-2.98059614159	0.042818624109
ATF7IP	-0.00114532753756	-4.25456235532	0.0138827967457
SRPK3	0.00114891515447	-7.02240204167	0.0136802796392
CENPM	-0.00115385895287	-3.32885447036	0.0796143903513
CLEC4A3	0.00115742528041	6.62680623502	0.0205653872441
MANBA	0.00115754813555	2.82516023316	0.0850191700551
HTATIP2	-0.00116451434789	-2.96946461341	0.0939441881366
LOC632667	-0.00117210786628	-2.77558704578	0.053156871023
ZCCHC18	0.0011722424822	-4.07233414099	0.0169300250292
ANKLE2	0.00117323142912	-4.34141887079	0.0423527461701
ZFP607	-0.00117434778886	2.24289270488	0.0885224593733
FRMD8	0.00117486772689	-5.19615242271	0.0114179658018
9430016H08RIK	-0.00118243555241	3.27504981049	0.0340465476189
6330562C20RIK	-0.00118847701508	-3.67880929094	0.0218958193573
PIK3R6	0.00118992774264	2.14094785185	0.0994459565629
BC025546	0.00119341804009	-2.55878730731	0.0676706811078
HNRPA1	0.00119599828915	12.4125906492	0.00122361983174
GADD45B	-0.00119803332678	-2.52505125996	0.0846212185955
TUBA3B	-0.00120485218613	3.30627753756	0.0392140847951
TIGD2	0.00120589291334	-4.14803296983	0.0146819535762
MRPL50	-0.00120702191245	5.03734540668	0.010360521186
LOC637089	0.00120935437478	2.93710246938	0.0922019985701
DYNC1I2	0.00120996307539	3.56921095698	0.0358558860985
A530023O14RIK	0.00121066607585	2.55570696364	0.0786158283893
PPIL1	-0.00121496648153	5.0641505517	0.0168523965169
CD37	0.0012166580595	-2.67605015796	0.0936914810475
VEGFB	-0.00121687647878	-3.49173312363	0.0588459956688
PPT1	0.00121688373933	-2.74384250298	0.0533424921121
C76746	-0.00121999199303	-3.95946002976	0.0348034734403
PLA2G7	0.00122041795803	2.45349834791	0.0986750713957
BANF1	-0.00122183995917	-3.38534524962	0.0292416938886
SLCO4A1	0.00122320539402	3.80319414628	0.0222966163831
1810062O14RIK	0.00122580257476	4.50805055192	0.0411255915384
6230427J02RIK	-0.0012272214336	4.67091808194	0.0193602265438
ITPR3	0.00123405509144	-4.66169067437	0.0239229176963
DDX20	-0.0012378647647	5.57575166655	0.0204862604146
UXT	-0.00123927725225	-2.92235403414	0.0708253272328
JAK2	-0.00124098692596	2.96934636776	0.058258227855
PRPF8	-0.00124534684528	2.508090205	0.0706524602081
RAI12	-0.00124576252352	3.54376633704	0.0282310765043
TCRB-V8.2	0.00124576947046	-3.41431560059	0.0536476618928
PRUNE	-0.00125084757433	2.19409133494	0.0979575418065
RTN3	0.00125864857926	-3.13837733949	0.037310373319
D330001F17RIK	0.00126507631441	6.79588665626	0.0111101820889
PAFAH1B1	-0.00127386528524	3.55246003697	0.0520870312657
PPP1R2	-0.00127577351594	2.50418066933	0.0725564101535
AW212394	0.00128106720972	5.4569336189	0.00599543796674
GINS2	-0.00128119234428	-2.6931625339	0.0731439292767
LRRK2	0.00129286170822	-2.86144589753	0.0464495865704
BAMBI-PS1	0.00130236831255	5.29308333578	0.0117547092709
PITPNA	0.00130485832504	6.55242376304	0.00388004452409
NRF1	-0.00130506098851	3.14722612521	0.0481142977468
SQRDL	0.00130555134726	2.64436866725	0.082056138438
RNASE4	0.00131489940882	2.81321438342	0.0491523641492
ORAI3	0.00131560525378	-2.76745425254	0.0817021300141
FBXL5	0.00132413714707	2.5849815858	0.0954005531332
YWHAQ	-0.00132466868196	-2.96794106009	0.0450276137367
GNB2L1	-0.00132558625256	-4.46842412482	0.0131318119688
DCUN1D5	0.00133290047962	-6.01130143038	0.0121388673375
PECAM1	0.00133420500534	-2.49481641461	0.0773284820473
DOCK10	0.00133509763314	3.98259782016	0.0552410633737
STXBP5	0.00133575616367	-2.54228159164	0.0696245026208
5033413D16RIK	-0.00133817331389	2.66024868704	0.0770018089346
SFRS11	-0.00133823482316	3.71296259333	0.0612166108255
CIB2	0.00133971407058	4.34486116731	0.0391389776439
REPS1	0.00133994530824	-2.82924397918	0.0764670679147
C130085D15RIK	-0.00134136832035	12.7123940244	0.000325485433663
NDUFC2	0.00134187073693	3.57078891695	0.0547517656044
LOC385923	-0.00134729741977	2.52969051395	0.0729255750519
EXTL3	-0.0013533529682	-3.04420143721	0.0689131965031
LOC676124	-0.00135513384016	-2.91864753251	0.0554244097466
C130002K18RIK	-0.0013621987843	3.28631873436	0.0399982143474
SFRS14	-0.00136255276556	3.47080316224	0.0659415069317
TSPYL3	0.00136424317642	2.75225338459	0.0801964086391
ALDH18A1	-0.00136922771612	3.37216667845	0.048585746156
IL15	0.0013698252124	-3.61352129933	0.0234610884402
COASY	0.00137219248734	-4.81383150943	0.00987095199452
LRPAP1	0.00137866739114	-2.75771567237	0.085630705434
LOC381212	-0.00138115753652	-3.30908024014	0.0422773873411
A930010I20RIK	-0.00138437253613	5.69437855405	0.00476368911915
FARSA	-0.00140295674691	-3.20364360063	0.0335716031127
4930477M19	0.00140821237559	6.2573705253	0.0238860276924
TPP1	-0.00141903873857	3.43490214033	0.069910519975
RNASEH2A	-0.00142291887808	-2.83071426618	0.0684108691512
GTPBP1	-0.00142412906822	4.27206443002	0.0476921841987
HAGHL	0.00142939476639	3.01101729745	0.0948647072042
RBBP4	-0.00143362869657	-3.387439092	0.0376106406278
1810063B05RIK	0.0014362621701	-2.98481002898	0.0752066008413
CENPF	-0.00143691914575	2.14907694015	0.0989573217288
FANCD2	-0.00143831924062	2.63455923281	0.0801064879067
PPA1	0.00143902870307	2.99044583561	0.0477352788172
LOC100046918	-0.00144104681603	5.16662073483	0.0274704841398
5033403J15RIK	0.00144389973982	3.57002927151	0.0404836686125
DIS3L	-0.00145129731285	-2.30595997824	0.0884266133358
DHRSX	-0.0014532647929	-5.20765315157	0.0117936341713
KCTD20	-0.00145739893241	-2.6917175961	0.0929314561015
1190007I07RIK	0.00145750398994	4.36089340667	0.0182804414298
LOC386218	0.0014678979036	7.38458993753	0.00624872080841
RASL11B	0.00146790210359	5.91015961112	0.0145595479243
HSPA1B	0.00146799651984	5.93553124315	0.00416891500108
SLC15A2	-0.00146977161065	-2.64311000316	0.0757763858619
YPEL4	-0.00147361984941	3.06748716725	0.0918661248195
5730543M03RIK	-0.00148506245921	-2.61044122343	0.0633355794677
5830407P18RIK	-0.00149114230592	10.4376131609	0.0010311537953
AI849286	-0.00149398520962	3.53852690232	0.0252630047768
LOC232060	0.0014957844689	3.98089486074	0.0412547646445
CDC5L	0.00149834295044	-2.27010217492	0.0876779229638
AI450540	0.00150222098595	-3.56652077276	0.0617928972541
C230091E03RIK	-0.00150651245764	3.5102410545	0.0705529956046
NDRL	0.00151506940439	-3.18242722269	0.0699853608898
UBE2V1	-0.001517072255	-2.89374506964	0.0443965088292
CATNB	-0.0015171190671	-3.55851682727	0.0641544153603
4930572J05RIK	-0.00151897611964	-2.44448415699	0.0724240453949
ATP5SL	0.00152334857218	-3.01978586985	0.094390020266
MMP8	-0.00152489073879	-4.82075008027	0.040437839484
HINT2	0.00153218308251	2.42468213663	0.0747430180832
STFA2L1	0.00153672280632	10.9174692482	0.00180412777636
KIF20B	-0.00155351020107	2.46503640833	0.0710790935097
RCL1	-0.00155568968123	-2.75841072226	0.0525520081464
LOC100048589	-0.00155678928474	4.8637008448	0.0350854464557
GPR65	0.00155943093871	-3.40382671353	0.0552041561414
BIRC2	-0.00156503182586	3.7572495628	0.0200153103017
RBM15	-0.00156748272674	4.62267480492	0.0144073019708
LOC100044692	0.00159108573621	-3.32547046853	0.0403026681821
BZW1	-0.00159981825607	-3.94729250385	0.0481331084054
0610009J05RIK	-0.00160280126842	3.70912363064	0.053511727477
SYAP1	0.0016110806439	-3.13636581029	0.0770673143411
COPS2	-0.00161355042346	-2.79021413872	0.0864048665452
LOC100046898	-0.00163018684929	3.37668155628	0.0542501781858
COX11	-0.0016325858228	-3.17051634802	0.0679853426698
6430573H23RIK	-0.00164754735447	3.87778445753	0.0180074653137
MS4A6D	0.00164924516234	-5.83038468679	0.00545625834711
PIGT	0.00165426183362	-3.45619796047	0.0413507142142
LOC225897	0.00165536415515	2.21375633968	0.0916662293205
3110040M04RIK	0.00166198544503	-2.6177402529	0.0640851793711
DEM1	0.00166341169004	-5.44472188926	0.00696760844426
SNX6	0.00166587742094	10.0647804158	0.000706430468439
MFNG	0.00167712005223	8.57914765934	0.00142879299753
HYAL2	-0.00168049284431	2.4701943351	0.0882331273164
NEK9	0.00168186445665	6.15166251921	0.0209579757058
OGDH	-0.00168328217706	2.84677635363	0.0534298709142
CASZ1	0.0017117727826	2.90700949867	0.0439776598359
OGFRL1	0.00171697038875	3.19154242655	0.0809112096159
COG6	0.00171723357577	6.77316210813	0.00958597954437
PPP1R11	0.00171971463183	-2.53970277977	0.0640247351819
BRF1	-0.00172996367822	-2.18659213184	0.098385220781
MIC2L1	-0.00174026893331	-2.28287445289	0.0995233460236
TSEN34	0.00174271721989	-3.6698536874	0.0421743139679
LOC100047173	-0.00174368934528	4.16838219793	0.0168665449804
HNRPDL	-0.00174916761664	4.2052598643	0.0378252998546
N4WBP5-PENDING	0.00177326800622	-2.6151230463	0.0688722968766
MRPS35	0.00178611682674	-7.71508039401	0.0022276483657
2900060B14RIK	0.00178738986907	-4.66072580598	0.0246996495634
ZBTB8OS	0.00178829419654	3.30977002499	0.063202527222
BAP1	-0.00179171724157	4.06047722197	0.0539320790057
TUBB6	-0.00179283097213	-3.0205584026	0.0637909393099
RAD51C	-0.00179434578964	-3.95207428005	0.0323564612897
PRRC1	0.0017957160531	-3.21749332597	0.0729733492256
PPM1G	-0.00180023506283	-3.05580754469	0.0898584612504
ABI3	0.0018066359107	3.30065988629	0.0585439341598
VEGFA	-0.00181291096125	5.13973446937	0.0221368829879
EG382843	-0.00181576252193	-7.54269896604	0.00175685137037
2310045N01RIK	0.00181955630041	-2.25404458895	0.0920178166334
PLK4	-0.00182308900151	2.39854852877	0.07497644022
1110001N06RIK	0.00183221392304	9.31745542427	0.00217204868985
D15MGI27	0.00184849401289	5.04888722926	0.00744209366098
1700109H08RIK	-0.00184962513431	-5.63691908011	0.00493430945576
2410003K15RIK	0.00186395434723	-3.24874434331	0.0356886714787
SEC14L2	-0.00186475658805	2.69059465749	0.0611718965671
LOC100046841	-0.00187429953691	5.02052036589	0.027695503226
VAMP8	0.00188054254925	3.61660918989	0.0382393642288
2810423A18RIK	0.00188143931999	-4.07094489281	0.016740588518
BC013712	0.00188349034202	3.70143429695	0.0625527761061
TMBIM6	0.00190549077802	4.85279596555	0.0335250809244
IFT52	0.0019124080658	4.80874102011	0.0147836537275
UCHL5	-0.00192549266116	2.55249960574	0.0964419633298
M6PR	-0.00192963089221	2.88839104873	0.0500321623699
BCLAF1	-0.00193634097515	-2.34556789544	0.0845192142129
8030467N07RIK	-0.00193677390436	3.25972008607	0.0424556096238
CMPK	0.00193829186186	-2.66232142632	0.0661928029388
KCTD6	-0.00193833715484	-2.50414223947	0.067269677863
RPUSD4	0.00194729719725	-2.89087233498	0.0561846463561
WDR89	-0.00195679154148	-3.6660768896	0.0665580404525
COMMD7	0.00196686036628	3.20742219737	0.0662638945212
GCNT1	0.0019903695569	-3.18859331739	0.0343539681664
LOC640340	0.00199123696169	3.56512047954	0.0236906295354
LOC229810	-0.00199254838573	7.72022094248	0.00238219201045
LOC100044948	0.00201597545172	-4.05180886559	0.0193917475643
MRPL12	0.00201672581939	9.29770591227	0.000907739496109
BC031181	0.00202270222549	10.7617107657	0.000937335601777
EEF2	-0.00203108973393	3.80697406358	0.0230543922617
2700092H06RIK	-0.00203534436554	-4.07560472318	0.0259173191967
CNR2	0.00205894334388	-4.60565999402	0.0328899585277
TMEM55A	0.00206094108338	-2.96665832792	0.0465767992102
AA960436	0.00206308760749	5.71681915869	0.0260735148068
SCL0002007.1_97	0.00206516933754	-3.22209876218	0.0752308070699
UBAP1	-0.00206840136568	-3.11534021589	0.068500105188
SGPP1	0.00207990240761	-3.20795464081	0.0502427699251
SMC5L1	-0.00207997059947	-3.9684575692	0.0220380266717
TPRGL	0.00208498433525	-3.61624800991	0.0285217606437
CCNDBP1	-0.00210036237586	-4.4701882311	0.0119638939113
EFTUD2	-0.00210080955429	-2.56893451295	0.0683172920533
ARHGEF6	0.00210906711301	2.77810433733	0.050403970817
CDC20	-0.00213327357428	2.48075688871	0.0767650006658
INTS4	0.00213340854812	3.18084068137	0.0560477140959
NDRG1	0.00215146512047	5.54416931923	0.00664839538743
BRMS1	0.0021722024025	-2.66506369708	0.0597309899879
CSF1R	0.0021769623038	2.27920041336	0.0854034643859
DPM3	0.00218143036209	-2.23536936474	0.0929480118575
PRPF38A	-0.00218199202095	-4.50975270857	0.0166072303509
RAB33B	0.00218696926753	3.17962910816	0.0630017010965
LOC381898	-0.00219964068843	-3.27465270573	0.0687791253314
DHRS1	0.0022034201572	2.90907594478	0.0530563500272
SNAP23	0.00220547017327	3.78722613878	0.0234146477906
UQCRC2	0.00221901358266	6.99869974529	0.011043397141
2310079N02RIK	0.00222642787989	-4.44773320344	0.0438781571993
LY6G5B	0.00223327860925	6.29422373261	0.0170990392631
GLIPR2	0.00223698330408	2.64261431972	0.059433880267
PPM1B	-0.0022579343914	3.74216667985	0.0273055865384
1110049F12RIK	-0.00226353318046	-2.80713301622	0.0955849234947
CLNS1A	0.00226767230215	4.43012475693	0.0338170952911
TAX1BP3	0.00227068191476	-2.40672967831	0.0744713639522
1700029F09RIK	0.00228951414845	2.18324240662	0.0957276526853
ASF1B	-0.00229215239477	2.62406249544	0.0930708940674
9830002I17RIK	0.00230321542805	-3.12379008836	0.0748622622897
HIST1H4I	0.00231365157535	-6.4037776508	0.00546538371794
OASL2	-0.00233606140149	4.15486218648	0.0231977788569
GCS1	-0.00233909699418	2.26608183339	0.0890083838967
LOC433801	0.00235351527905	5.23977603704	0.00785801571499
LEMD2	0.00235418051693	2.19731251494	0.0991735750468
PCMT1	-0.00237431912507	3.54342750281	0.0306235750583
HIP2	-0.00237454847879	4.30860603853	0.0143436792881
PA2G4	-0.00237593647103	4.48429786612	0.0418376979915
RAG1AP1	0.00238365220759	2.88226554988	0.0471290535308
CD24A	-0.00239595415735	3.69217075024	0.0563821921482
C79407	-0.00240204891784	-2.44951975865	0.072667289649
TMEM120A	0.00241882617286	3.34350504859	0.0332756439979
SNX4	0.00246514549096	3.8119903242	0.0319970684383
LOC654842	0.00246903712313	-2.41845872369	0.0795733584949
NUDT21	-0.00246971976615	4.20983526377	0.0276247959955
LOC100041137	0.002478512651	-7.41033861476	0.00772436125915
PSMB2	0.00250623996744	-2.52675076344	0.0649107144484
1200003C05RIK	0.00251059917452	-2.3404088211	0.0970273873669
DDIT3	-0.00251636407748	-2.51222413913	0.0901878658095
EIF3A	-0.0025198027979	-2.97551970666	0.058321517425
CYC1	-0.00252494324925	-5.45843997752	0.013921883249
ARPC2	0.00254965836265	-5.37595837487	0.00578853571751
UBE2E3	-0.00258340273698	-3.14592733546	0.0356161140716
CENPP	-0.00258625568877	-5.26820102022	0.0328549229892
B3GNTL1	-0.00259915797964	3.177801097	0.0336613201853
FLOT2	0.00260150305595	3.77297073131	0.0397572869439
WIPI1	-0.00260574528741	2.62236881117	0.0645079553767
ENSMUSG00000054212	-0.00260761421917	4.71591158381	0.0101788781309
LOC636875	0.00263592207108	3.48043752683	0.0406384717324
LOC100048645	0.00263726948924	3.05580298151	0.0890587357957
PSMB1	0.00266770702638	-2.25992759337	0.0873436121428
FRAT2	-0.00267165467887	-4.40415164636	0.012377984717
5730588I11RIK	-0.00267403136158	-3.75667795775	0.0209696220827
XPC	0.00269853518664	-4.71389692204	0.0147621327904
ACBD4	-0.00274088077064	6.05834711904	0.0046289111459
UAP1	0.00276000348604	19.334671638	5.18518988844e-05
2410018C17RIK	0.00277070717733	3.46909454895	0.0412863134926
ATP5J	0.00278999065351	3.84142580214	0.0385407455424
TXNDC1	-0.00279693222947	-3.36460115486	0.0648921650196
TMEM51	0.00281451611777	3.09424046789	0.0669028217287
1110034O24RIK	-0.00284230635916	3.18290470372	0.0838780005441
NASP	-0.00284637883459	6.06288266748	0.0050684720485
2900057D21RIK	0.00287423112369	-4.70443273614	0.0395917194946
TM6SF1	0.0028826022647	3.11846247654	0.0464010954858
KCTD12	0.0029303265022	2.50821188209	0.0963639366534
TMEM57	-0.00294630312651	3.56894949957	0.0435042577065
TUSC1	-0.00295020641279	4.05522264943	0.017557354128
ZWINT	-0.00296214125918	-2.90829028614	0.0512145795363
RNF144A	0.00298663051368	6.74848948715	0.00744147473322
6330569M22RIK	0.00299096621729	2.92524477816	0.0595971317746
ULK1	-0.00299465458394	7.36763288254	0.00217731177285
EIF4E3	0.00300644804052	-2.50909158808	0.099560094182
MAST2	-0.00300794644117	3.54654771992	0.0468313573909
A130038J17RIK	-0.00300949710736	-2.4967874883	0.0676247768552
KLRA9	0.00301234662764	-3.05940192956	0.0875424908376
CLK4	-0.00301681577793	-3.43442915276	0.0394932383322
KRAS	0.00303033232652	3.86175676988	0.0252367661834
UBLCP1	-0.00304274048744	-2.29156427534	0.0837366965614
EEG1-PENDING	-0.00304821979401	-2.89354290742	0.0668855308252
ALDH3A2	0.00305460610607	-2.6910823726	0.0947662213303
PRG2	0.00307018271803	-2.42547816826	0.0750846883861
EHBP1L1	-0.00308054389381	-2.98941713777	0.0703166865299
ADD1	-0.00308145713036	-6.31382663522	0.00339643227682
GPR146	-0.00308709003723	-2.70974928829	0.0696917680729
CHTF18	-0.00313051219341	3.32530050387	0.0292341112704
DDX54	0.00313852184399	-3.40107980006	0.0305789977122
PLEK	0.00313916172633	2.44672832111	0.0914664884987
TES	0.0031578906799	2.39932367051	0.0961205654872
HIST1H3D	-0.00316147513715	-3.17894088989	0.0339676597487
TPST2	0.00318750719376	2.21488217858	0.0982782223761
LOC545369	-0.00322583861918	4.90846406313	0.0378414943924
PIP4K2C	-0.00323105420961	-2.66296144649	0.087672417204
FAM129B	-0.00326854847627	2.96788391709	0.0485636863867
SDCBP	-0.0033037126667	3.54552956174	0.0284013248099
PACS1	0.00331970519479	-2.79398206817	0.0491133500094
H2-Q6	-0.00333956841897	-3.23766460356	0.0352219044885
NAPRT1	-0.00339741210529	4.58887624644	0.0115277426414
UBA1	0.00344501860679	3.6290449647	0.0575283407683
HMGB2	-0.00351501742886	-3.38558238436	0.0406336975319
FXC1	0.00352652030152	5.85201240309	0.0149259248027
SSR2	0.00352655373721	-3.83544573474	0.0226719477372
ANXA5	0.00352952280404	-2.27989524513	0.0938200961648
TYKI	-0.00353822980588	-2.49390248158	0.0810981109207
FCNA	-0.00355707460046	-3.40686950977	0.0294165753021
2810455F06RIK	0.00355860812245	3.95291773959	0.0322888795752
KPNA1	-0.00358161845197	2.48807397969	0.0704746179863
CDKN2C	-0.00358852814174	-2.61608321785	0.0818015498711
MAD	0.00359138335899	-4.97086935874	0.0365360137063
EPB4.1	-0.0035962262459	-2.91666795059	0.061743762062
UHRF1BP1L	0.00361368867048	11.617952403	0.000323113237102
SLC25A3	0.0036268080272	2.71697495536	0.0531693369254
LOC100038894	0.00362700510262	3.38327004425	0.0323882301591
BRRN1	-0.00363828958966	-5.46469607808	0.00545742463496
HMBS	-0.00363840694728	3.4623994914	0.0703666967145
4933407C03RIK	-0.00365516114929	2.97555130499	0.0920397604847
CDC6	-0.00366579246288	2.19776902318	0.094242475473
SLC35B2	0.00371040338256	-3.01671859478	0.0408862337515
FLOT1	0.00373839542544	2.82635012579	0.0878145475607
G3BP2	0.00381418609002	-2.54758451498	0.0747685191094
HVCN1	0.00382455770314	-2.81284338563	0.0985039847682
OBRGRP	-0.003849470359	3.73369140326	0.0262993420937
LSM5	0.00386095071621	3.38669532733	0.0308413010393
CSNK1G2	0.00387063624364	-2.17195729781	0.0956286365366
CDKN2D	-0.00395345127558	4.92208891099	0.033781081845
EIF2S3Y	0.00395747946538	-3.61292363691	0.0598602369178
PRPF18	-0.00396368770455	-3.50390529732	0.0571648936498
DBF4	-0.00400006766062	-3.77673477233	0.0283302744554
HNRPM	-0.00400164872885	-5.13745679603	0.0179269171492
2810410A03RIK	0.00400725510855	-7.73529411765	0.00196068682006
VTI1B	0.00401026228805	-5.44253115512	0.00555117989834
IL11RA1	0.00401564377124	10.1473440286	0.00239114266652
AI256775	-0.00401596428426	-4.56502996523	0.0163947719044
KLF3	-0.00401987998049	-8.23963775321	0.00120639599642
2310047M10RIK	0.00403781474764	2.88388667749	0.0686738110022
PTP4A3	-0.00403822337738	3.03218610291	0.0390464417094
TK2	0.00404963175026	-3.0922060144	0.0877094988228
GUK1	-0.00406406116819	-11.2738115596	0.00708234587141
SLC30A5	0.00406667746624	-3.89703198809	0.0339370497352
CX3CR1	0.00406879143607	2.91152793962	0.0443456059074
LOC100039571	-0.00407176292343	-3.45090992458	0.0469831264749
2310043N10RIK	-0.00407673142504	2.63815448555	0.0798106713456
HERPUD1	0.00408409767139	-3.80903452835	0.0220030906717
TPX2	-0.00409510660098	-2.36707515321	0.0981741543153
TMC6	-0.00411321923696	2.36715504298	0.0908549913861
PRDX1	-0.00413887832831	4.23244554158	0.0230524798228
MKNK2	-0.004169340542	3.16717455101	0.0495513056464
4930597A21RIK	0.00417880920545	-4.55494820232	0.0358872680787
EG433865	0.00418151491347	-2.6453295491	0.0924536375758
LOC381398	0.00421003710127	-4.99756038044	0.0250621819178
PDIA2	-0.00422406425832	3.46410161514	0.0741799002274
CORO1B	0.004278727149	-2.87263056556	0.0868253876071
LOC385699	-0.00436184296189	4.58203232409	0.0210297455391
E330036I19RIK	0.00436759357665	-2.53949691592	0.0672462744459
SFRS9	0.0043815376594	3.0750737726	0.0408798337754
1110002B05RIK	0.00439031900191	2.52038233895	0.0659105272315
TUBGCP2	-0.00444723726748	3.10867191251	0.0616586955325
SLC35B1	-0.0044534178732	3.19781986418	0.0406926574839
CIB1	0.00449890309419	2.70506982694	0.0871944474942
STMN1	-0.00450646678601	-2.88384236091	0.0984112278576
MRPS33	0.00450795979023	-2.47044384342	0.0723999637433
GMIP	0.00454219003498	-3.01886792453	0.0427828151551
HK3	0.00457769234311	3.52257058739	0.0533000527913
CCND3	-0.00458351950178	-2.81198531825	0.0682277179927
NACA	-0.00465233158662	3.78318833044	0.0457722403441
NKG7	0.00474130294419	3.23764620383	0.0799072543487
PTPRE	-0.00475110592764	9.9214946625	0.00086424249804
THAP11	0.00476163756704	4.59742810915	0.02051272287
PLA2G15	0.00477943831246	-3.35698447243	0.0326140312094
SIAT7B	-0.00480263780841	-2.69491744862	0.0763901194685
RPL30	0.00480491582714	4.05388348277	0.0287512590947
PCYT1A	-0.0048109358604	-2.99959996038	0.0933043638643
9630007E23RIK	0.00483512308901	-2.29512402707	0.0894106046078
B020018G12RIK	-0.00488894763053	4.70048088475	0.0132509200248
2210410E06RIK	-0.00489900709005	14.8769425647	0.000844926883307
JAKMIP1	0.00492443783345	2.36027935003	0.0780255764512
SLC22A4	-0.00493321589268	-3.37051715807	0.0311807613713
TMEM185B	0.00493435778775	5.7548040831	0.00607639607865
DTNBP1	0.00497221848562	6.83290718953	0.019967997872
IMPDH2	-0.00499395548625	6.07966846707	0.00539013565601
PPP4C	0.00500544791301	3.81639274138	0.0268697027997
GNS	0.00504007234991	-2.78780023859	0.0714793068173
ENSMUSG00000074075	-0.00506539242257	-3.31428301453	0.0446220895563
TK1	-0.00513237726069	-3.7225170327	0.051407722109
1110038B12RIK	0.00514278764327	-4.68440903407	0.0118319419221
PRKCD	0.00515701671802	-3.2363785668	0.0386337887102
PSME4	-0.00519753037728	3.15667905266	0.070141417687
PSIP1	-0.00522984657327	-2.27409094517	0.0979522491581
ZCRB1	-0.00533125658982	2.7441758648	0.0523012155877
DAP3	-0.00533374179733	4.08682778048	0.0336352942714
PRKCB	0.00533917640957	6.70790730692	0.0118309319149
LOC100046393	0.00534225612403	3.64212464165	0.0222662468874
C030025P15RIK	-0.00537697390903	3.53321370977	0.0262295397202
LOC381649	0.00538655929581	3.668146808	0.0277378313402
2310001H17RIK	0.00539679740582	3.34946500199	0.0680762396189
SIRT7	0.0054224112051	3.03126798682	0.0637423483008
LOC100048461	0.00543748329513	4.75443489416	0.0415040136935
RASA3	0.00543799769604	-4.02895310781	0.0157492331183
EVI2A	0.00544012151567	2.79172060699	0.0642882407079
A230051G13RIK	-0.00545887389193	-2.71915906528	0.0709905123791
LOC668239	-0.00549768922325	3.61510876269	0.0524059609131
RAMP1	0.00552578817437	3.24147168746	0.0620737897713
PPP1CB	-0.00553214432372	3.5474832412	0.064067731745
EPOR	-0.00553958162706	-3.68080014921	0.0547208735798
DRCTNNB1A	-0.00555769563284	-2.87479842596	0.0566195520123
TMBIM4	0.00559861261532	4.91801338653	0.00814784314279
1190002F15RIK	-0.0056213144425	-2.40190356787	0.0795183722945
A130010C12RIK	-0.00562203323126	6.37677609474	0.0181900461624
PLEKHG3	0.00566159151158	3.57120636563	0.035321535628
CHST3	0.00566954029694	5.05022078935	0.00725245872402
COX4I1	-0.00568698648326	-2.65671666174	0.0935172391104
BC003940	0.00570941607682	5.78152981109	0.00457220885465
TREM1	0.00575504500889	-3.20926282893	0.0365584038891
SSX2IP	-0.00576902311961	6.37151808004	0.0193287688369
LOC380692	0.00577089500492	-3.49017373368	0.029453223602
3110001P07RIK	0.00577595804808	2.59695498974	0.0892512660669
ARIH2	-0.00579652874671	3.64445409812	0.0517405948179
SYRADB	-0.00580074827926	-2.31289371789	0.0824442041673
5830411I20	-0.00581041325166	3.05064875733	0.039095681955
BLVRA	-0.00581281230462	2.32763115972	0.0977370918694
LAT2	0.00586234941886	2.68975811592	0.0935903932289
1110046J11RIK	0.00588188994109	-3.94559251703	0.0176478106414
1500001E21RIK	-0.00588238362883	-6.10055898863	0.00370431601007
A930025J12RIK	0.00588430708084	7.9536163839	0.00417204987753
SNX18	0.00588971008146	2.76401505304	0.0674825561638
MTDH	0.00594707157457	3.82239914931	0.0221161775013
UNC93B1	0.00595023468687	-3.54503158564	0.0277387577988
2310003C23RIK	-0.0060421412639	-4.06346244955	0.0555634601557
ISCU	-0.00604853090071	-3.38715270444	0.0657997441909
6430548M08RIK	0.00605570064976	3.0803964386	0.0392110034636
PSME1	0.00606467243079	3.72000629717	0.022374785612
RPS21	0.00607578055678	-8.13172798365	0.00460421873491
PAIP2	-0.00610461380836	-4.65392296766	0.0128360351235
HMGN1	-0.00613607726905	2.30559921681	0.0864054512206
DUSP6	0.00615484943792	-7.84873439345	0.0156106304734
BC087945	0.0061643097485	-3.89752664667	0.0454771041914
NDUFB9	-0.00624660241547	3.80758977133	0.0337524275042
LOC100040961	0.00626020572233	-2.91943773874	0.0625512350106
CYTH4	0.00628127162975	-3.4514113216	0.0261598415078
DAZAP2	-0.006291130904	-2.78637712297	0.0494951051851
LOC433476	0.00630067962318	-2.66769412194	0.072900579063
SEMA4B	-0.00641617429213	5.01809665986	0.0179431654438
FGD2	0.00642128506085	3.27528085427	0.0331458340106
MARCH8	-0.00643332796085	6.11446251149	0.00757580970145
2900010M23RIK	-0.00646498292978	-2.44566938408	0.0850224286438
DNAJC5	0.00650576619763	-4.82459053433	0.00852417765938
ACSS1	-0.00658039389151	-5.10127034999	0.0133574646481
NPM3	0.00658935094076	3.21002577916	0.0424550139289
6720456B07RIK	0.00662331936319	-21.5332723519	0.00136489077951
MRPS12	-0.00663150434189	-2.65909633985	0.0649339051364
H2-DMA	0.00663377935444	3.40767808612	0.0714159491262
SRGN	0.00675662414523	2.36015541855	0.0986714993093
IRAK3	0.00681008000901	5.62055617647	0.00630637037869
IFI30	0.00682977198647	4.93866141291	0.0330212958334
LAMP1	0.00684332343299	-2.88926047406	0.0465441663983
GAK	0.00684940359595	-3.24246065159	0.0407785936091
PPBP	-0.00687181328696	4.83787797398	0.0283635245523
LOC381330	-0.00688872884579	-3.17114759237	0.06630542609
LOC100046232	0.00689059209803	2.43945189076	0.0831082865443
RPL3	-0.00690446355205	3.10331117973	0.0445012298546
YBX3	0.00691264342643	4.69554401484	0.0239937186059
G0S2	0.00704097059736	-2.70908413154	0.0635339208232
9830141K10RIK	-0.00704498655784	2.87382724996	0.0468725630383
1110012O05RIK	0.00705873570007	6.20899327611	0.00567293196045
CPA3	0.00706991577891	-4.8220383547	0.00851044955076
SERINC1	-0.00709082227932	2.70585531049	0.0818740086635
CRLF3	0.00719516708853	3.87072384662	0.0444619293028
STX7	0.00720891257929	5.80168988757	0.0120071513781
IGKV3-2_X16954_IG_KAPPA_VARIABLE_3-2_18	0.00721042520968	8.19274491042	0.00147122272508
LOC676724	0.00730012555551	-7.51210806733	0.00273441088621
CAP1	0.00730830836596	-2.40315501042	0.0966622825286
ACADM	0.00738113062719	3.0917277577	0.0408393009823
SH3YL1	-0.00739154867648	-7.16113222193	0.00349653348217
2310016M24RIK	0.00745587933697	-2.37456400564	0.0807719514737
DAPK2	-0.00763992377474	4.6566768044	0.0334551150591
LOC100046741	0.00808231726758	-6.88379528014	0.00333295365555
4930570C03RIK	-0.00823495418364	-6.35404246144	0.00357067213668
RNF19A	-0.00840556087657	-3.66700027337	0.0262759168049
INPP5K	0.00841027736381	-2.47539117789	0.069563000778
SC4MOL	0.00841558211555	2.36363636364	0.0823384177794
CKB	0.00841851135296	6.77235631305	0.00276287879007
SERF2	0.00844384035041	-7.30149753291	0.0134132392836
LOC269251	0.00849905405597	-2.24658112783	0.0905425744465
LASP1	0.00863729692013	-3.01910372444	0.0404110434124
LOC100039532	-0.0087039813115	-3.05796419831	0.0856280512989
LOC634015	0.00887015369328	2.77416946543	0.0805605307175
ACTB	0.00887332337185	-3.28351235147	0.064726131903
LOC212399	0.00902759213482	-3.52719479897	0.0493875613112
TLR2	0.00903646637307	-3.75124472063	0.0216994070504
SERPINB1A	0.00914966322332	3.93722387171	0.0417708715455
TBCA	0.00915033135191	-2.50651325463	0.0774430635114
RHBDL2	-0.00921864692577	-3.16495507886	0.0731542428859
SLC2A6	0.00932917425482	-4.09236150412	0.0193669952967
LOC234987	-0.00945471375728	-4.69737557226	0.0152227343947
RAB3D	0.00951661326149	4.90123033773	0.0358578572673
2510003D18RIK	-0.00958322813227	4.47670269613	0.0138821594255
KIF22	-0.00965858800152	2.71056033249	0.0894729237981
EG667977	0.00972272524017	3.16040685559	0.0421567226691
RIOK3	-0.00972948258898	3.407402617	0.0381048253492
HCFC1	-0.00974935112421	2.85652302373	0.0978851369553
MT1	-0.00977791964986	2.30794484515	0.0822653463053
LOC100047353	0.00980152318986	3.02957876298	0.0462142523631
ARID3A	0.00987259569698	5.31557717239	0.00881730594333
CD69	0.00988752097846	-4.08497139892	0.0254627359856
SLC38A2	-0.0100215333033	-2.34053328121	0.0968186925625
ATP1A1	0.0101087188863	-3.03372349776	0.0863416853746
DLST	-0.0101402856083	-7.67093983631	0.0093507391828
LOC630936	0.0102609439474	-4.31840443143	0.0290727458328
RPA3	-0.010294041403	2.1332164137	0.0999105436764
CDK2AP2	0.0103011403195	-3.86142421991	0.0204477481716
SFRS1	-0.0103195483505	-2.65197417653	0.0806287385258
BOLA2	0.0103937017514	-2.68568888576	0.0602686008096
HCST	0.0104118208781	3.62001937175	0.0645956269926
SPECC1	-0.0106771890065	-2.1638208021	0.096697509292
1110032A13RIK	0.0107640233053	2.25753808782	0.0877582849155
MYD88	0.0107819588954	5.39311406467	0.00588964293283
NAPSA	0.0108495017329	6.73186544892	0.0103850557793
PLP2	0.0108731212354	3.27659266305	0.0386751245339
NUSAP1	-0.0110552721352	-6.42505827554	0.00638095573
RPS13	0.0110577956468	2.83313113556	0.0979867553224
ATP1B1	0.0111180033987	-2.82126711677	0.0938170493988
LOC100048313	-0.0111717727942	5.08086450583	0.0132455568576
MIR16	-0.0111966202221	4.73969610523	0.0397558495554
ERMAP	-0.011385916756	-3.32633674318	0.0610361271803
DNAJC7	0.0114279081762	-3.77854526813	0.0249398632339
EG668668	-0.0114346886905	3.38066977335	0.0704319092803
CXCL2	0.0116606815833	-2.58142769195	0.0778854247863
DOK3	0.0117858779942	-2.58279561644	0.0717878085753
STFA2	0.0119102648047	-3.10276820526	0.0364053235646
0610040O15RIK	0.0119482447456	4.42185799787	0.0263639447345
LOC672339	0.0119597421528	3.26552972449	0.0637238019424
LTF	0.0121100937666	-3.83044209165	0.0618952883573
MCM2	-0.0121196413743	-2.49568172085	0.0926208923194
SRR	-0.012123235191	4.86299135238	0.0336346228159
UNC84B	0.0126854822389	-3.33857266144	0.0716520905645
LOC386520	0.0128983708719	-12.0399500015	0.00227933928487
LMNA	-0.0129779218092	-2.73058699531	0.0530906592377
CD47	-0.013052661829	3.72610150743	0.0483719486414
TACSTD2	0.0131071403048	2.80386273464	0.0496292769607
IGHG	-0.0132627314591	-2.89337427866	0.0529839422731
POU2AF1	0.0132821663781	5.77157579829	0.0192743100027
RABGEF1	-0.0134932265	-3.67624064886	0.0342656801526
S100A9	-0.0135528451175	2.25894713019	0.0963180308018
GPR109A	0.0139754678771	-2.78727601127	0.0649582172785
LOC668706	-0.0143112388999	-5.08830649078	0.0195650651666
LOC100043527	-0.014677463323	-2.50015665855	0.089681254673
FADS1	-0.0147482206911	-3.11517074275	0.0524701599705
SIVA1	-0.0148967308069	5.73305110091	0.016878582026
OTUD5	-0.0151726975908	-4.17765128321	0.0293566861559
FCRLA	0.0152350308473	4.03071061447	0.0302247337707
RPS6KA1	0.0153181182644	5.47890919689	0.00698221811106
KLHL6	0.0153426735471	-3.87939020051	0.0179111271153
UBE2L6	-0.0155545017003	3.68584910197	0.0317484053798
LOC100040605	0.0156722741505	-4.1297826103	0.0342321136329
CXCR4	0.0157923937908	9.39379292785	0.000715598246154
GM2A	0.0159621148301	-4.84822370706	0.00951193073117
NADK	0.0161767797554	-3.42120276419	0.0324279206938
MKI67	-0.0162598303058	-2.89975616711	0.0551027829099
XIST	-0.016411608389	-9.7131661221	0.00582405644925
PON2	-0.0166553600304	-3.79289045359	0.0194700456206
LOC100044779	-0.0168258081202	-2.58535916871	0.0725900851018
PRC1	-0.0171908989946	3.15235677704	0.0597811340976
ATP6V0E	0.0181833177416	-2.66138936448	0.0661542786097
OLFML2B	0.0183317590129	-3.40295138446	0.0421958314373
CCL4	0.0183668858515	-2.31131705633	0.0918112126905
CLIC4	-0.0188695141587	-3.35747716213	0.0762454686324
PSME3	-0.0196833789163	2.57684941238	0.0988097408452
OSM	0.0212122857894	-2.64703029478	0.086188244598
LST1	0.0216084865885	2.37927268124	0.0768053093968
NPTN	-0.0221806045152	2.93579290823	0.0852535060498
KEL	-0.0228793527159	-2.54102620201	0.0953175047536
TPD52	0.0237913757887	-3.00699293069	0.0475565893607
PFN1	0.0241447290198	-15.0028843381	0.000134239010166
PHF5A	-0.024504713059	-2.79973048589	0.0504078664696
RPL34	0.025119025557	-2.55023144026	0.0960578290056
2010107E04RIK	0.0254638978416	-6.49761165804	0.022581653302
1110005F07RIK	0.0257931870204	-2.41487012876	0.0842445327205
6330505N24RIK	-0.0265611881486	-4.2178431698	0.0206744100473
TSPAN33	-0.0271607269034	-2.74381524721	0.0520602016186
LOC380927	-0.0278554329607	4.56383978338	0.0105385485402
ENDOD1	-0.0281189840998	3.42169031354	0.0318914461821
PLAC8	0.028838221918	3.66094452196	0.0266120123781
VPS28	0.0296897459933	-3.97245512386	0.0354510218286
LOC385109	0.030204100099	-2.56874864345	0.0674897630273
LOC331507	-0.0304873143588	2.29527236455	0.0836414981936
H2-AB1	0.0315880432468	-3.04296046834	0.0653100221166
LYZS	0.0315896703379	2.70730957694	0.0705327898786
PRTN3	0.0349867894133	-2.63636363636	0.0968881885715
LOC381808	-0.0350312475549	-2.74729114319	0.0643523980808
TMSB10	0.0361990599063	-2.68640970868	0.0694589235857
LGALS3	0.0371911313311	-3.58278981089	0.0261370232542
LOC100047827	0.0379113351875	-2.97583088596	0.0410166676106
MYL6	0.0386268768281	-20.7889393669	0.00190010358641
LOC641240	0.0394682910064	2.86045077033	0.0896222541002
E430033B07RIK	-0.0444130870679	2.97558862833	0.0499557104086
GCH1	-0.0471982125819	3.38535382568	0.035685306275
GRINA	-0.0507851827703	-2.61166693815	0.0698510626794
MTDNA_ND2	-0.0516717852705	3.22000902303	0.0544614381534
MMP9	0.0529661908087	-4.26549961706	0.0133097998059
ZFP36	0.0533548826011	-2.52431895072	0.0753488585708
LOC100047651	-0.057541232133	-4.22665808542	0.0200407557707
IGK-C	0.0605648419637	-4.47518756638	0.0255475473345
IGH-VJ558	-0.0622834288257	-3.09742984369	0.0480615082152
TUBA1B	-0.068577554728	-2.8827272992	0.09799382631
RSAD2	-0.0768831662086	-2.69939006476	0.0649443277147
CTSE	-0.0836045493263	2.43414522416	0.0772376219829
S100A11	0.0872788005223	6.64261628624	0.0182188038731
SLC25A37	-0.0984420217416	-2.74327647176	0.0536676335024
GLRX1	0.101781449785	2.4423764022	0.0723806087131
ATPIF1	-0.113923475382	-4.66724943974	0.0215935164076
UROD	-0.11661063092	3.20109228818	0.0726125533935
RN18S	-0.121289758584	4.31379427124	0.027942851744
SLPI	0.131600771176	-3.37910167807	0.0281738079594
LYZ2	0.132543088687	-3.46687622641	0.0740740740741
ERAF	-0.17643439065	-5.40480818234	0.027352071421
ALAS2	-0.197258821966	-2.46663123773	0.0707527911969
