	exp	t-stat	p-value
0610005C13RIK	2.1271119179	-2.70449361513	0.0542669534377
0610007N19RIK	-1.74472180353	6.41079544547	0.018362098195
0610035N01RIK	-1.35561122114	2.79011644944	0.0546207690429
0610040B10RIK	-1.16429528795	2.40056018989	0.0872949036244
1110001D15RIK	-1.82102985895	2.2496105582	0.0970471247029
1110002L01RIK	2.4780472968	-3.02371578407	0.0455799423627
1110005F07RIK	4.98529587005	-19.175718736	0.00264623532618
1110007C09RIK	1.05943291352	-2.48444703389	0.0694801591461
1110017D15RIK	-2.20959939478	2.9464579328	0.0543300432658
1110021J02RIK	1.27047821824	-4.02616811947	0.0405855170193
1110029L17RIK	-1.08560075451	2.44998018491	0.0878979156898
1110033C18RIK	-1.00560996834	2.40571874921	0.0742244043963
1110033L15RIK	2.14684138833	-3.73302610103	0.0431784785159
1110033O09RIK	-3.60880924268	3.2403703492	0.0768361856758
1190012C08RIK	-1.53434184389	4.85663756054	0.0159222291676
1190028F09	2.03634184706	-7.73444381704	0.0123628761194
1200003I07RIK	-2.19319054843	3.7890906288	0.0553975410359
1200013F24RIK	-1.89129374056	2.75151148474	0.0785259418521
1300013B24RIK	-1.72568376208	3.15338565031	0.0575108194298
1500005N04RIK	-1.22059444623	4.96019571624	0.0343303211356
1500041B16RIK	-2.13646224255	2.59360598577	0.0831202118927
1500041J02RIK	-1.90919900536	4.15229809556	0.0508210723772
1520402A15RIK	2.14477152421	-2.60456385224	0.0774936513503
1520402A20RIK	-1.32106308334	3.8674696864	0.0399623247214
1600010O03RIK	-4.71881824746	6.2471615176	0.0246786955552
1600029I14RIK	2.99452486993	-2.94774909114	0.0693171211833
1700014D04RIK	-3.2394659347	3.6793341789	0.0465167350035
1700018L24RIK	-5.96193195917	4.76357943232	0.0413545567957
1700020C07RIK	-1.85752451829	2.68618620544	0.0555259776281
1700020N01RIK	-2.77960993157	3.21759866616	0.0509827601293
1700020N18RIK	-2.65400414515	2.8749445425	0.0653173452013
1700023M03RIK	1.75923475801	-4.80595687728	0.011094716133
1700026J12RIK	2.01435529298	-2.91446695762	0.0531809257513
1700028G04RIK	-1.23595487178	3.58560964946	0.0413481637344
1700029G01RIK	-1.88236620252	2.7612667223	0.0804393481217
1700029J07RIK	-2.07501335442	2.43706732049	0.0884862708257
1700034M03RIK	2.9879271677	-4.0	0.0278562764919
1700054F22RIK	1.93560941273	-4.98304334751	0.00776865777621
1700063K16RIK	-4.56478461878	3.56416844485	0.0704968619165
1700064D17RIK	-1.92101170385	2.69197700968	0.0826726425831
1700071K01RIK	1.45902041868	-3.91061725415	0.0562388305762
1700096C12RIK	-4.18279480169	4.80941106401	0.0313806586055
1700109H08RIK	-1.33071815192	2.62190303542	0.0656969756416
1810020C02RIK	1.18736522195	-3.17407933891	0.039925094456
1810020D17RIK	1.11752041807	-5.20524590104	0.00909339672016
1810033M07RIK	-1.55575715034	2.8248599549	0.0504756644368
1810063B05RIK	1.0306870997	-4.51071369182	0.0109207918418
1810064L21RIK	5.63420601974	-6.55559352398	0.0224870088642
2010003O18RIK	1.3658638536	-3.58580570332	0.0233574374118
2010012O05RIK	2.69362918602	-4.11383725096	0.0146863145708
2010016I18RIK	-1.52476121665	2.79797949761	0.0830078970062
2010204O13RIK	-1.67712787335	2.48482497432	0.0956170264638
2010305A19RIK	-1.38106055508	4.35434324621	0.0363889246586
2210011C24RIK	-2.22571277963	2.54911749435	0.0662215914
2210011G09RIK	1.08636329224	-3.41090457914	0.0271200934797
221973_54_RC	5.6534422386	-7.75730779174	0.0162148829178
2310009A05RIK	1.17749911639	-2.71752727144	0.093066587789
2310010B21RIK	9.03066713625	-11.3157851023	0.0077193220433
2310014D11RIK	-1.16580042021	2.39117360248	0.0982096241787
2310016C08RIK	-1.5877937442	2.37604250577	0.0950406756994
2310031L18RIK	2.77830638955	-2.63589097373	0.0985443850937
2310036D04RIK	-1.46169785728	2.9865573227	0.0911649055674
2310047D07RIK	1.12959290741	-2.28817356314	0.0869445482175
2310051F07RIK	-1.42356910585	7.93147480232	0.013450550718
2310061C15RIK	1.52776194459	-3.87863837144	0.0549096619711
2410005O16RIK	-1.7122347168	13.8244423892	0.000158694238365
2410008K03RIK	-1.19407225911	4.22313939602	0.0172696860191
2410012M07RIK	-1.27842645625	2.74897277396	0.0862766283974
2410072D24RIK	4.11483186065	-2.96680932356	0.0963064332831
2510010K19RIK	-1.4070525153	3.94066869692	0.0175381081944
2600011C06RIK	-1.09277038546	5.98478669706	0.0125744790874
2600014M03RIK	2.14799003094	-2.85101964209	0.0686464858279
2610001C07RIK	-2.86129372917	3.31787667761	0.0640274598252
2610005M20RIK	-1.76823705582	3.10204855089	0.0384613136327
2610009O05RIK	1.12173141967	-3.49553983699	0.033147559605
2610014I16RIK	-1.02101671442	2.44964848954	0.0884441308025
2610019N13RIK	-1.58100719998	3.6428087084	0.0401205414552
2610019N19RIK	1.9425639949	-2.97219273982	0.059860416995
2610029J22RIK	-1.0928630215	2.2372363892	0.0896227507778
2610034M16RIK	1.19181760729	-2.53916687539	0.0646189186936
2610206C24RIK	-2.99536855127	5.4531031904	0.00822707783412
2610207F23RIK	-3.85466063684	2.89280740814	0.0948927512627
2610301N02RIK	-1.01006575867	2.23809892068	0.0901454808989
2700024H10RIK	-1.7326863284	2.82676206622	0.0838162930431
2700025J07RIK	-1.46432824932	3.87972315084	0.018193267477
2810002D19RIK	2.7981657506	-2.83379806073	0.0794032007625
2810004N23RIK	1.79950706023	-3.25703046082	0.0684241064613
2810043G13RIK	2.04216945424	-4.13092194662	0.0147872296257
2810404O06RIK	-1.95245645875	10.1292061927	0.000728381819327
2810405K02RIK	1.18870667338	-5.64448575364	0.0170728847432
2810410P22RIK	-3.81526012014	4.46955909742	0.0357863737533
2810426P10RIK	-1.66177188099	2.65639754402	0.083682132367
2810454F19RIK	-1.94158700513	3.95034642697	0.0322911399374
2810459M11RIK	-2.27770409463	2.93472022201	0.0445909147123
2900005I04RIK	1.10074497374	-4.80949944549	0.0211505721826
2900016B01RIK	-3.61215742762	12.6166698045	0.00463579613485
2900058M19RIK	-2.04583519026	3.75973721883	0.0577982333521
2900060N12RIK	-2.40867359376	5.23555221784	0.0173485300882
2900084M01RIK	1.95217147491	-3.19023041385	0.0722839895771
3010027A04RIK	-1.26942540516	6.13547737517	0.00377159369623
3010031K01RIK	-1.92703855201	2.57107111407	0.094173042602
3222401L13RIK	3.63558857379	-3.77964473009	0.056661625139
3230402H02RIK	-2.40209844357	5.41736338886	0.00838499115105
381484	2.45021559451	-2.94312210061	0.0953061428459
3830402I07RIK	3.90417876203	-5.38335983208	0.0282088625338
3830430K15RIK	1.67790522554	-3.18962644839	0.0703086200224
4432405B04RIK	1.19619065614	-4.52769256907	0.025538163993
4631409B15RIK	6.35167543828	-9.30769230769	0.011346837474
4631410M14RIK	1.11204086397	-2.50487222943	0.0699857590328
4631423B10RIK	-2.35117398869	3.38214673565	0.0673976796089
4632401N01RIK	2.52572329735	-4.18373953188	0.0299682973809
4632407F12RIK	-1.301013879	2.95399058275	0.0497882343568
4632407M08RIK	1.30503631549	-3.68478667579	0.0221696237007
4632419F02RIK	-5.74595437739	4.12376643268	0.054078742659
4632419I22RIK	1.54221285326	-4.14258373482	0.0199047522941
4632427K15RIK	-2.0536379636	2.78349618338	0.0620710813946
4732423C17RIK	-1.3427958426	3.19400499847	0.0412601704551
4732456P10RIK	-2.19460393098	3.84650180923	0.023160680554
4732457N14	-2.02106161553	2.71304758117	0.0563061543458
4732471D19RIK	-1.13243150567	2.60850432903	0.0848401245602
4732496O08RIK	-1.08753346178	2.63519778078	0.0851052594372
4832410F06RIK	-1.91872072307	3.68883855501	0.0491922177237
4832436F04RIK	-1.83906378178	2.61218862484	0.0973888864538
4833409N03RIK	2.7165593835	-2.92799947595	0.0838040410688
4833412N02RIK	-1.13621501961	3.50741444692	0.0431225800536
4833419P04RIK	-1.94905300711	4.08400791531	0.0362265407249
4833426D18RIK	-2.00156051399	4.26610682857	0.0185927584575
4833438J18RIK	-2.14684138833	2.91678909819	0.0486225549232
4833444G19RIK	-4.29520775135	4.49212555122	0.0437175487955
4921505C17RIK	-1.11646675794	9.5284016652	0.0015675063631
4921511H13RIK	-1.11090931374	3.04109845558	0.043760260736
4921520G13RIK	-4.22414220329	6.82286949359	0.011004735789
4921528G01RIK	-1.54352018284	2.97105594217	0.0580595755716
4921531D08RIK	1.30015598555	-2.19718237099	0.0964104082457
4921538I05RIK	-3.14839183989	3.77708795802	0.0396314242872
4930401F20RIK	-1.19353755866	4.03890347901	0.0372628146201
4930403C10RIK	-1.89537810768	2.73740195506	0.0673857282491
4930417G10RIK	-2.25986712676	3.14533460398	0.0346943087085
4930431J19RIK	5.38082178394	-2.97295809085	0.0969649635752
4930432J01RIK	-2.5776577001	2.5044736093	0.0875716955489
4930440M09RIK	6.20294005867	-6.77293044941	0.0211116318531
4930442M18RIK	-2.28381840595	2.9174165619	0.0948297051926
4930449A18RIK	-4.05626821965	3.97111103024	0.051754147022
4930473A06RIK	-1.88194423848	3.78736793092	0.0296421212046
4930481A15RIK	-1.88003937596	2.62045454204	0.0691433434615
4930506F14RIK	-1.77062490552	2.73629197285	0.0615591086542
4930511I11RIK	2.36405357056	-3.40175773969	0.0274003380628
4930511J11RIK	1.37851162325	-2.35339362166	0.0921339911839
4930522L02RIK	-1.58496250072	3.87443771477	0.0468547007412
4930527B16RIK	-2.05749308969	3.32994281397	0.0572992379099
4930528A17RIK	-2.91232448166	3.06015002045	0.0778890841481
4930533C12RIK	-2.01026833545	7.14651854211	0.00365907111311
4930535E21RIK	1.87446911792	-2.25630429927	0.0872161094984
4930564O18RIK	2.01707351336	-2.68538034655	0.0560746552541
4930565O14	1.29545588353	-5.6	0.0220475717127
4930568D16RIK	1.97461468158	-3.08882912843	0.0407524019583
4930590A17RIK	-2.03242147769	2.50651325463	0.0667725454166
4931422A03RIK	1.20117593543	-2.99508846721	0.0860242143487
4931428F04RIK	-1.01429838305	2.7215568356	0.054057690711
4932407I05	-1.84680014577	2.33268280275	0.094661989855
4932410M19RIK	-1.43775937397	2.58911390351	0.0612213610796
4932416C15RIK	-2.05297446487	3.22036558055	0.0324350762844
4932441J05RIK	-4.88392944717	5.18286665883	0.0339359782559
4933401P20RIK	3.04564266556	-8.06450806451	0.00278063694471
4933403G14RIK	2.42033179895	-2.51010476285	0.075097444676
4933405K21RIK	-2.38466385024	5.07496863082	0.0193574936208
4933407L23RIK	-2.27819459434	4.34702569862	0.0415929206924
4933417E08RIK	-1.60241466968	2.88002022389	0.0912237721833
4933424A20RIK	-1.88186519969	2.84001537231	0.0954832705712
4933432P15RIK	-1.22118312115	2.75975518963	0.0660015804106
4933434I20RIK	-1.64769825607	2.1640071232	0.0987432695354
4933434L15RIK	1.30803365323	-2.47203785178	0.0845280775786
4933439J11RIK	1.82102985895	-2.58748987584	0.0621199908191
4933439M10RIK	-1.36029163203	3.64162481874	0.030686853001
5031428M13RIK	-2.66296501272	4.44828718867	0.0113081196139
5031439A09RIK	1.00116612835	-3.57194105734	0.0236483697943
5330401F18RIK	-1.46667986495	2.74289407782	0.0820481525631
5330429D05RIK	-2.43450736348	5.50276946835	0.018979048208
5330432H08RIK	-1.6569322871	5.35621675696	0.0180887413147
5430411C19RIK	-1.33330288475	3.44578803325	0.0488001165965
5430420C16RIK	1.67516030969	-2.54840774259	0.0758714251127
5630401D06RIK	-1.57071797613	4.18941721595	0.0242462402212
5730405D16RIK	-1.62683785589	3.17073170732	0.0388685568738
5730405G21RIK	-3.91697941323	3.79464866098	0.0534859691227
5730405I09RIK	-1.07569896678	5.8335712058	0.0251614868104
5730409K12RIK	1.65711228648	-3.74661651074	0.0200626942358
5730416F02RIK	1.26061174357	-2.2853003695	0.0899979889233
5730427M17RIK	-1.14191673633	3.67562368713	0.0418687627017
5730470C09RIK	-2.20970490343	3.87161069533	0.0514608545032
5830407P18RIK	-2.31278490025	3.85529916207	0.0404762781085
5830411E10RIK	-1.46173073473	2.83980917124	0.0563530649053
5830411J07RIK	-2.68579294218	3.67975628098	0.0456152785562
5830427D03RIK	-1.17611114586	2.85801367318	0.0849327828996
5830467E07RIK	-1.34409252425	4.87146165778	0.0373822419934
5832402A02RIK	1.57020334345	-2.33124070263	0.0961568663925
5-HTR2C, GPCR	2.1271119179	-2.41209075662	0.0781549838708
6030405P19RIK	-2.54806291791	2.97550639253	0.0955213525341
6030419I20RIK	-2.76306303087	3.97274844985	0.0408103233729
6030441H18RIK	-1.31186663964	2.2007507458	0.0940682094907
6030458A17RIK	-2.85782977716	3.29470256934	0.0672632573247
6030495H03RIK	-1.85744597007	4.18456547748	0.0308961105753
6230400D17RIK	1.89152821074	-4.65327144259	0.0140487726491
6330401K01RIK	-1.86891112244	4.18874823772	0.0475183836212
6330405D24RIK	2.91560781271	-4.2724139695	0.0354357315218
6330407A03RIK	-2.49025807677	2.91674126587	0.0861748638639
6330407I18RIK	-4.60486205816	3.10574778296	0.0899108068884
6330416L11RIK	-1.90370231798	2.84015022723	0.0843864319862
6330437I11RIK	1.31259023031	-2.29237145494	0.0853123227503
6330500I05RIK	-7.90889294852	3.33942652118	0.079169283637
6330503C03RIK	1.89717544078	-4.15585913259	0.0142576394009
6330514E22RIK	-1.91057222281	2.7052310722	0.0648024750573
6330514O11RIK	-2.25633975326	3.11415904815	0.0422856524129
6330545A04RIK	-1.91020332965	2.70914184591	0.0714024212228
6330566F14RIK	-3.03966861549	4.94275519219	0.00801834923859
6430403C09RIK	-1.17664459925	2.31528537737	0.0815575757563
6430526J12RIK	2.84608731655	-5.7008771255	0.00558242567284
6430527G18RIK	-1.55722824951	4.11000271399	0.033729865323
6430562A12RIK	-1.49279970229	2.78724733112	0.079332816221
6430578G21RIK	-5.28046147759	10.6658438799	0.00604263455479
6430628N08RIK	2.7069530251	-5.61757446387	0.00759880424499
6720418B01RIK	-1.93020438021	3.29239840695	0.0407182544138
6720480F11RIK	-2.08423653717	2.77998235368	0.0730309315852
7030419G21RIK	-1.0050355899	2.95668562447	0.0417033920211
7530408C15RIK	-1.06984828343	13.015503754	0.00205802107263
8030402P03RIK	-2.11626129083	3.06110827499	0.0420941655501
8030405J07RIK	-4.40475452602	4.40490063524	0.0436467807665
8030486A12RIK	1.4751989345	-2.93624770606	0.0454043121866
8430403M15RIK	-2.29202660917	4.0	0.04040515968
8430429K09RIK	1.32371915041	-6.11142289454	0.00542903391103
9030003C19RIK	-1.85709911366	2.92720778653	0.0844510198046
9030405D14RIK	-5.33390073655	4.62123665493	0.0437739446249
9030420J04RIK	5.18322182406	-6.78595463644	0.0210332074611
9030624G23RIK	-1.34155690164	2.66969524989	0.0744540840274
9130022B02RIK	1.77548440677	-2.34636929836	0.0840530869326
9130227N12RIK	-1.50576568763	5.06782163291	0.00731180228057
9130422G05RIK	-1.64121801169	3.19700471682	0.0552000082614
9330126M15	4.68182403997	-2.95292147253	0.0980973435765
9330157O18RIK	-4.75488750216	5.16567619255	0.0354922346825
9330166I09RIK	1.87741339453	-3.48645447509	0.0264515116377
9330171D12RIK	-1.60105850196	2.89493139231	0.0639714761677
9430020B03RIK	-2.30039493334	2.929414002	0.0729818882179
9430025C20RIK	-3.9361849024	3.69934137142	0.0583557820831
9430034D17RIK	-1.42449782853	2.78696657004	0.0814642829372
9430038G21RIK	-2.12072100344	2.53163404439	0.0973131310333
9430041J12RIK	-2.02579600088	2.8582058349	0.082777233416
9430090C23RIK	2.34169134971	-2.38884017403	0.0881204004006
9530007E02RIK	-1.96885489752	3.91107037065	0.0537113136478
9530008A22RIK	-2.04551465925	3.32288173529	0.0317497180359
9530033F24RIK	-2.2428565239	4.94688551521	0.0141007612305
9530039I19RIK	-1.81579999031	3.59101132011	0.0297176063016
9530048I18RIK	-1.41711891547	3.01898556666	0.0683576158041
9530056K15RIK	2.36737106565	-3.55464682053	0.0243782317005
9530065M15RIK	-3.70240256884	3.55521746521	0.0612769282232
9530077A17RIK	-2.00788525635	3.63436760461	0.0474490421795
9630025H16RIK	-1.34748554739	3.58332862768	0.0535088974201
9630025I21RIK	1.39854937649	-2.42051110361	0.0898488867137
9830001H06RIK	1.55784337437	-3.56365885426	0.0441760966197
9830141K10RIK	-1.26761859276	3.00105721002	0.0405286230116
A030007I19RIK	2.38300367164	-3.77027230728	0.0241431406491
A130002I06RIK	-2.76081233612	4.22393681638	0.0308403963451
A130010C12RIK	-1.53894393569	3.8580542082	0.0421144948202
A130014O09RIK	-1.82674917285	5.76975648902	0.020950286365
A130021C14RIK	2.27684020536	-4.78182534798	0.0160600786042
A130038J17RIK	-1.58120719167	2.46586387979	0.0791038605548
A130062D16RIK	-1.39102061816	3.80552579317	0.0408609838862
A130070G01RIK	-1.44389110188	4.64618471855	0.02291516006
A130089I23RIK	-1.95705339035	8.26685323584	0.010950949452
A130089L14RIK	-1.94753258011	2.9098899914	0.0693118053565
A130095C03RIK	-1.45203728803	3.04477160117	0.076747873939
A130099L09RIK	-2.18023737588	2.68531614121	0.0994550531399
A230050P20RIK	-1.08935629592	2.35107861203	0.0833241268233
A230052B14RIK	-2.66296501272	4.68164588785	0.0221581047897
A230075C01RIK	-1.35433181076	3.57043161508	0.0320927136182
A230087F16RIK	-5.40372218605	3.85249254921	0.0612523585425
A230102B06RIK	-5.07324898203	6.27380711671	0.0244771313693
A330043C08RIK	-1.75438804049	3.41625043057	0.0463607849586
A330044P14RIK	-1.54796829324	2.29566395465	0.0836883715698
A430010E21RIK	-1.39714734038	4.33109273882	0.0312031073767
A430031F07RIK	-1.89129374056	2.39317210565	0.0797028768215
A430042F24RIK	-1.74279131035	3.75668354175	0.0214373352637
A430046P16RIK	-3.18039833267	3.76550216577	0.0426490885102
A430056C07RIK	-2.81243483942	6.58019065764	0.00478823862149
A430069M06RIK	2.44478484267	-5.15710623129	0.00800664007782
A430075F05RIK	-1.71552134243	4.6126639039	0.0138656758934
A430083I17RIK	-1.72993796694	4.39971742753	0.0145603137868
A430103M24RIK	-3.07487536855	4.79186469602	0.0347921386526
A430106D13RIK	-1.74556361088	4.33562977558	0.0159679603999
A430106H13RIK	-1.47672002777	3.76343131985	0.0200784748454
A530019I06RIK	-3.02333250383	3.81912074923	0.0441545638101
A530024C08RIK	-1.98613159953	3.43325271506	0.0722738539203
A530026G17	5.23521646169	-3.73364328316	0.0648367997811
A530029A01RIK	3.11220950359	-3.0709613432	0.0697108955501
A530038O16RIK	-1.84926856379	4.17910696979	0.0149333812184
A530050E01RIK	-1.91662316922	18.0220262351	0.0025451054702
A530057A03RIK	-2.81802184711	3.34499540047	0.053697846198
A530058H06RIK	-1.0815298855	2.44694217086	0.0783675641246
A530064K17RIK	-2.22906848619	9.64700033091	0.00768078003023
A530095B06RIK	-2.51315249813	4.8294956441	0.0144823130434
A630002D19RIK	-2.17810314519	2.705211253	0.0724234496321
A630005A06RIK	2.06640122572	-3.88423503351	0.021329784941
A630006E02RIK	-1.28403214859	2.51740452394	0.0875176084136
A630006M12RIK	-2.03952836419	2.66097797103	0.0563335856102
A630050F23RIK	-2.21906440362	3.22481383235	0.0492800779183
A630056H20RIK	-1.74950210968	3.85062819793	0.0592044784355
A630059F13RIK	-1.91071005816	4.73027249248	0.0191759822699
A630064F15RIK	2.9352048772	-5.06382986299	0.00716916070603
A630072I12RIK	-3.2624136439	4.7290241999	0.033342959754
A630076J17RIK	-5.38082178394	4.14094982314	0.0536662675923
A730008H23RIK	1.35363695461	-3.58834111603	0.0397219363052
A730028E04RIK	3.65753112667	-3.36048627163	0.0659835804809
A730029I18RIK	-1.14097362775	2.67995029144	0.0583185675894
A730040I05RIK	-1.01473564908	3.02487367025	0.0415045277823
A730047D20RIK	-1.97500562053	2.94410664402	0.0563955071508
A730058H24RIK	4.95419631039	-3.27326835354	0.0820149079568
A730062O07RIK	-1.56607260675	2.14501825782	0.0985309656427
A730068E08RIK	-1.60985863261	4.50328136665	0.038193911773
A730098P11RIK	-2.90935463556	6.74046013392	0.0133355252699
A830005C06RIK	-2.06529146025	2.19624184936	0.0939913125464
A830015G10RIK	-3.41156530737	3.29926124011	0.0739019002581
A830019P03RIK	2.55209786682	-5.61404575397	0.0227437204455
A830022J10RIK	-3.73908564604	3.98287701951	0.0526397793973
A830025K10RIK	-1.09953567355	3.50089833902	0.0270791395206
A830026B15RIK	2.97768162058	-6.92100060516	0.0190785361796
A830055I09RIK	-1.90879589302	4.89295115831	0.0254053481533
A830083H19RIK	-1.84544572103	6.67935471413	0.0111589502461
A830086J23RIK	-1.26415756279	2.6616504037	0.078183020984
A830087P12RIK	-1.11000900478	3.18063619086	0.0470419471036
A830096H11RIK	-1.34054377305	4.45760402633	0.022240679216
A930002C11RIK	-2.03786818559	4.35481489978	0.0124822415847
A930006B21RIK	-2.35122240168	2.8196295074	0.0499487954828
A930007B11RIK	-1.14652039711	2.38623503601	0.0759947189487
A930014B10RIK	-2.92517741692	12.4520351296	0.00393268073245
A930019E22RIK	2.9499593175	-5.57795987469	0.00624624612499
A930024E05RIK	-2.17722980207	3.70598768235	0.0250846224275
A930026H04RIK	-5.50657460204	4.93027637618	0.0381768711633
A930029O05RIK	2.97982211806	-3.50258263377	0.0596166540165
A930030D01RIK	-1.86736223142	4.30864630594	0.0144321458041
A930035G08RIK	-1.3856536925	5.17549169507	0.022902773005
A930038I05RIK	-1.95501254523	2.65763526656	0.0645395272485
AAK1	-1.57963889674	5.37612921981	0.00592879468073
AB041568	-1.40173549635	2.95422560368	0.0712783415473
ABCA5	-4.48112668974	3.06504411271	0.0919930338573
ABCC1	-5.88264304936	8.25767456305	0.014350172036
ABCG2	5.12928301694	-3.08666041661	0.0908787594972
ACAA1B	-1.6052824851	2.86343993411	0.0465171081853
ACADSB	1.01221461516	-4.50632280239	0.0110946943169
ACAT1	-1.21230360371	2.96960407918	0.0719822978175
ACBD5	-1.47561510453	2.89167732515	0.0483747917804
ACSM1	-1.98831819495	2.94484823846	0.0556430943584
ACSS2	1.62258993208	-7.56091383631	0.0107403259274
ACTL7A	2.05703094504	-2.1804713815	0.0981054046929
ADAM23	-1.55637818612	2.19851198457	0.0928181107298
ADAMTS6	-1.6212912738	2.51639075207	0.0926973095927
ADAP2	1.6860240285	-4.46952925142	0.0145276840953
ADC	-1.48278210591	2.90659179488	0.0569086037824
AFF4	-2.3921460915	4.47019862202	0.0349690861059
AHDC1	-1.36136017992	3.15396950503	0.0692140445553
AHRR	1.01085554438	-2.81450076182	0.0846706096427
AI504432	-1.20553445939	3.84447126741	0.0444594423791
AI607873	1.31177963324	-5.56847453183	0.00522094272276
AI790298	-2.7902116675	8.49103782074	0.0135744941039
AIM1	-1.16650034369	2.71782165088	0.0757283547861
AIM2	-1.40041917534	4.25583512921	0.0220713022477
AKR1C21	6.16323034887	-2.94330912748	0.098647276732
ALG14	1.64873841115	-4.21522891197	0.0177648655368
ALG6	1.01780912052	-2.9673976116	0.0438292898668
ALOX12	2.04500973492	-2.96342638466	0.0423559562874
AMAC1	-1.29090119927	2.40416305603	0.0888643506638
AMIGO3	-1.43686386173	2.48000438371	0.0879148610836
AMN	-2.04381330754	4.03785674884	0.0258963921938
ANGPTL4	1.61658447989	-4.46778682143	0.0342197875624
ANKRD1	1.77340759013	-2.59030450321	0.0637427513239
ANKRD11	-1.2627735914	4.69065825247	0.0153562016629
ANKRD37	-1.06557805939	3.56491596693	0.0425125122512
ANKRD41	3.45094515275	-3.05806066254	0.0817883608961
AP3M1	1.76932561389	-4.27884502517	0.0451542405213
APBB3	-1.23407058942	2.74474263262	0.053991283802
APOA2	5.86624861111	-3.25049446788	0.0830284933682
AQP2	4.52356195606	-3.13222138598	0.0885925085009
AQP5	-2.41723505498	2.92156813113	0.0649629082385
ARAP1	-1.30265048784	4.51754992459	0.0120917989075
ARF4	-1.41591692329	2.26395758439	0.0916665972459
ARHGEF1	-1.17079603633	3.70541461766	0.0236967326018
ARID5A	-1.40431578187	3.17201345134	0.0372572932982
ARID5B	-1.19533940587	2.2277795707	0.0914529255558
ARIH2	-1.23764280004	3.5465418797	0.0669030215868
ARL5B	-1.87361024303	5.1899799328	0.0245898370433
ARL5C	-1.04312281599	3.15711537345	0.0798348480218
ARP2	-1.39905052979	3.52519459152	0.0655285004842
ARRDC3	-1.27264196283	4.72033686516	0.0101425359481
ARSI	-5.84966572692	3.16556542158	0.0869710936791
ASPRV1	2.16155406275	-11.9057551677	0.00149938194927
ATF3	-1.46633500283	3.51828280404	0.0583447442858
ATP10D	-1.19560999709	3.04855421811	0.0606555936072
ATP2B2	-3.4472053163	7.45370534131	0.0174922996734
ATXN1	-1.70175943638	3.6463577763	0.0418482774172
ATXN7L2	-1.01012421727	3.96143396061	0.0257231770846
AU018829	2.80735492206	-6.18465843843	0.00612214131162
AU021092	1.42170122956	-2.37033099288	0.0770228757749
AVIL	-1.99196268093	3.08392496996	0.0771593664237
AVPI1	-1.36251144635	2.27755113468	0.0873928425145
AVPR2	-2.82059074921	3.59155538353	0.0303832892998
AXIN2	-1.92159579092	4.28827480436	0.0182628917602
B130008D24RIK	-1.65745222405	4.67079471905	0.0369306030669
B130008O17RIK	-1.59647578192	3.07110693598	0.0509241985794
B130024L21RIK	-2.94693875625	2.74137948905	0.0848562350534
B130038B15RIK	-1.85853197666	2.84334164063	0.0956742876876
B130038J23RIK	-1.69231025795	2.77031957095	0.0933258088008
B130064I06RIK	-1.16358586295	2.86940032653	0.0465398812476
B230107K20RIK	1.99530830468	-2.70907137273	0.0733609614251
B230208M22RIK	-4.52356195606	4.1576092031	0.0532707375937
B230215E15RIK	-2.74350844003	3.23561343686	0.0422144188196
B230317F23RIK	-1.7506997052	3.96921715684	0.0169347456405
B230326M20RIK	-1.45371796744	2.55917781114	0.0667475521398
B230334I05RIK	-2.58897779705	6.59520676268	0.00290476693873
B230340J04RIK	-2.18432806657	3.80851706452	0.0491766116233
B230342L12RIK	2.87832144341	-3.07693556441	0.0613979175869
B230343B06RIK	-1.87446911792	2.21766381286	0.0936841804856
B230369F24RIK	4.87774424995	-8.875	0.0112985924916
B230385N19RIK	2.19142607065	-3.38572856188	0.043295973098
B230386D16RIK	-1.00418966798	2.62898983467	0.0691806909898
B3GALNT1	2.20163386117	-2.9067400866	0.0452803424082
B3GALT5	1.15854593931	-2.64468540705	0.0722765430102
B3GNT5	-2.25841970665	3.59654187218	0.0417460676773
B430005K18RIK	-2.41940798139	2.87842610744	0.0573798163473
B430109P06RIK	-2.10450375552	7.23522185255	0.0127726832698
B430114K07RIK	-1.46362617994	2.97439283905	0.0427286012644
B430218F22RIK	-1.60014890454	4.04771540502	0.0397083473789
B4GALNT3	-1.11847346988	2.76408116116	0.0532562820381
B4GALT6	2.10219351254	-4.204783353	0.0144671668903
B930006L02RIK	-1.00725176359	2.38068488031	0.081643510695
B930007M17RIK	-2.64689024986	6.68153104781	0.00611364933371
B930011A14RIK	-5.4262647547	3.18363840141	0.0856931516695
B930059J09RIK	3.76474875068	-10.6878084289	0.000749555507787
B930096H04RIK	-2.20276361459	2.85017137171	0.0684725577962
BACH2	-1.80630036064	4.3107455454	0.026933408267
BARD1	2.29039252145	-2.7292313842	0.0626960219147
BAZ2A	-1.00195354809	2.81729518041	0.0481695337111
BAZ2B	-1.41698127116	3.14807836768	0.0352933262445
BC002216	1.90217091167	-3.59889796884	0.0575770522641
BC003324	-1.20147198986	3.70646470664	0.0257410135403
BC003331	2.45269914768	-3.52112417504	0.0288901941
BC018473	-6.80305478462	2.94741642055	0.0984117586547
BC021919	2.37622947929	-3.21980419608	0.0837398950899
BC030307	1.7750653841	-2.14598005258	0.0990077787144
BC038613	1.58496250072	-3.01262655536	0.0416551961332
BC050254	-1.34068205495	2.35054496382	0.0789537202822
BC066107	-2.31042672822	9.69429413846	0.00154893165314
BC094274	1.39199485262	-2.97086014927	0.042049624753
BC106179	-1.65115278042	2.73353000481	0.0663685848698
BCL11B	-1.34622412173	3.34468102391	0.0612994816639
BCLP2	2.27460433503	-2.62099267543	0.0976002002515
BHLHB2	-1.64111882034	3.03131348544	0.0477177580376
BIN3	-1.99715725023	4.61851217294	0.0323070902132
BIRC3	-1.67264690306	5.69817572422	0.0142922089076
BMF	-1.83389856988	4.50083021509	0.0269310368422
BMP8A	-2.49525969777	5.70532075623	0.00834081250823
BOK	1.42285700374	-2.6612225129	0.0581123740303
BOLL	-1.75002174699	2.77160931262	0.0521099046749
BRAF	-1.34622564703	3.21822250116	0.0718541422167
BRD7	1.09705353483	-2.86842558327	0.0773815971759
BRDT	-1.62015192918	2.25630429927	0.0892471593678
BRWD1	-1.24097540127	3.06279781789	0.0436668520819
BSPRY	-1.91427012597	3.09061268885	0.0441538916035
BTG4	5.08274043101	-3.85098181433	0.0601169844221
BVES	1.6457165318	-2.85076580442	0.0574887514257
C030025P15RIK	1.73655684079	-2.93215198478	0.0744482011908
C030032G21RIK	-1.62646819546	4.39616904745	0.026672925809
C030044F15RIK	-1.61517711377	2.74920707385	0.0533454704912
C130005N09RIK	1.74940757285	-4.7915742375	0.00879994562184
C130019M09RIK	-2.7508944328	6.83971679884	0.00628572894194
C130020N16RIK	2.24362309939	-5.20332447915	0.0166446558966
C130023I09RIK	-3.7100577207	6.74249037601	0.00585292057585
C130035K09RIK	-3.56071495447	5.10982535771	0.0170735824115
C130039O16RIK	-2.49720162157	3.99468046975	0.046564139703
C130045I22RIK	-1.87942421804	2.8912088469	0.0944210871161
C130057N11RIK	-1.14654146023	5.56595220321	0.0137000979259
C130060G18RIK	5.47031993478	-3.00142112751	0.0953881049798
C130072C03RIK	-1.41655213988	2.43722524393	0.080657949224
C130078N17RIK	-1.74091454665	3.1802563838	0.04250864138
C130092E12	-2.05370793281	4.96650589145	0.0134312127476
C1QTNF9	-2.5456495767	3.45337444437	0.0651300185891
C230009C22RIK	-1.25133411489	2.92	0.0999292068409
C230021P08RIK	-3.93411206434	5.93390829097	0.0207822211726
C230040D14	-2.78549548809	5.8384035936	0.00660546163363
C230055K05RIK	1.91346324953	-4.07602827697	0.0163358490282
C230066I17RIK	-1.85904732445	3.63401727736	0.0605553527546
C230071H18RIK	-2.2450705974	3.21269470479	0.0674835324684
C230081A13RIK	-1.06467805764	5.89911472729	0.0204328801003
C230091E20RIK	-1.19900223431	5.62505014993	0.0168581202065
C230094I18RIK	-1.0278342082	2.80744962537	0.0490352420337
C330006D17RIK	-1.22567313916	2.54527994818	0.0751259126263
C330006P03RIK	1.274353007	-2.32000240998	0.0863773436632
C330011F01RIK	2.26248281147	-5.13030452995	0.0270152256142
C330016F22RIK	-1.80578876119	4.14710570232	0.015405301329
C330019M07RIK	5.26052755022	-3.02371578407	0.0941783726843
C330046L10RIK	1.74108170264	-2.26384628453	0.0917972791123
C530024C18RIK	3.278859373	-4.12385877306	0.0316874692159
C530036F05RIK	-1.82800543137	2.96790103845	0.0965222313481
C530045P18RIK	-1.57369138839	3.51828902113	0.0540561873393
C630002L24RIK	-1.0350469471	2.65279233128	0.0749593747755
C730004I03RIK	-1.97362458458	2.97445032347	0.0531812647609
C730009F21RIK	-1.49032562658	2.98227529533	0.0809929036107
C730026O12RIK	-1.66492806211	4.27356729222	0.0244996325733
C820004B04RIK	1.80952275874	-2.94749555748	0.0924448687369
C920007D24RIK	-1.29394447751	2.59549389524	0.0814272703417
C920016N10RIK	-2.41473590107	4.34919471298	0.0257572092969
CABP4	2.29865831556	-3.67270527608	0.0263484729434
CACNA1E	-1.68117781598	4.0	0.0200579660475
CACNB3	-2.08988550352	2.22547610691	0.0933107794914
CAMK2B	-3.37953881806	3.88431881381	0.0387181673707
CAMK2D	-2.89581962368	4.95381603279	0.0309540410976
CAMK4	-2.28865692341	4.29364293935	0.0130899918481
CAMSAP1L1	-2.26227328999	9.82682673121	0.00482254162986
CAPNS2	1.49032562658	-2.88942055719	0.0992390984837
CAR15	-2.57602937595	2.93626274786	0.0766718236315
CASZ1	-1.00829764835	2.84295373978	0.0470251961211
CATNAL1	-2.1222904298	2.69650029317	0.0832688130314
CBX6	1.39520108362	-3.04515944703	0.0449917494486
CCDC120	3.04641046496	-4.38998545765	0.0266371311046
CCDC127	1.05182350855	-5.50428746228	0.00695054531826
CCDC5	1.41198771491	-7.47579954289	0.0137650655304
CCDC51	1.25779775747	-2.81421169621	0.0483050101846
CCDC57	-3.5739913829	3.33848930445	0.0690956794016
CCDC69	3.6755650495	-6.07951694757	0.0143812333659
CCDC88C	-1.2615851892	4.02533673802	0.0173720798923
CCL7	-3.71072635738	14.5344418537	0.000178201975348
CCNL	-1.51206108903	2.90666825256	0.0681884456605
CCNL1	-1.00909887919	2.35237936774	0.0944113998455
CCR6	-1.51400415156	2.60587478448	0.0596830860871
CCR7	-2.01076243602	3.06213038112	0.0551612063156
CD2	-1.73827708935	2.95857688402	0.0486240666576
CD209A	-2.2636948293	2.94137161676	0.043862208432
CD209B	-2.04332743166	2.70449361513	0.0541675836834
CD3E	-1.27831438773	2.44311781405	0.0718834558221
CD6	-1.18773039828	4.23011651817	0.0261009935044
CD80	-1.01615151258	2.83593632085	0.0640288873936
CD83	-2.21890993643	5.37591897906	0.00607164895525
CD97	-1.21594058722	4.92854836657	0.0174512787402
CDC123	1.17202871295	-3.42190843416	0.0306861549512
CDC27	-1.13780055794	3.82893608797	0.037427869883
CDC42BPG	1.71302753951	-3.63210440522	0.0658519923945
CDH23	2.75132088714	-2.55608468259	0.0974064190268
CDK3	-2.39064084497	4.3941635688	0.0202868655312
CDK6	2.02834462569	-2.89842937764	0.0443206996935
CDKL5	1.43133931161	-2.92450462006	0.0764864982608
CEBPG	1.02456227877	-3.79123779524	0.0233204708294
CENPK	2.17932369944	-2.89044520715	0.0857483608514
CENTD1	-1.56475836092	5.61506937451	0.0120186452619
CFL1	-1.02229385893	2.90338261866	0.0545527631116
CGA	-2.5265458145	2.76078815187	0.0655634309551
CH25H	-2.98244162862	8.27990858812	0.00276017246144
CHCHD8	1.62984923366	-3.04617625961	0.0816669515761
CHD1	-1.07889258676	5.08812740969	0.0082270382815
CHD2	-1.41244987994	4.62963623657	0.0137070100315
CHD3	-1.04896556119	2.25360840784	0.090547388187
CHD7	-1.29169103978	3.44649582648	0.0335830571575
CHKB	-1.2064220252	4.19538734144	0.0251323789701
CHRNB2	-2.67093572383	5.07468967007	0.0113582052327
CHST10	-2.63991827596	3.23599856816	0.0622839139635
CHST2	-1.83449845151	2.82350443402	0.0714651789672
CHSY1	-1.44235810528	2.60714285714	0.0665336159626
CLCF1	-1.77946552488	3.6473531106	0.028377637116
CLEC4A1	2.08609656025	-5.43071567368	0.0271273894174
CLN2	-2.04629365227	3.48025136056	0.060860560668
CLN5	1.05371375149	-2.71386857056	0.0552452537488
CMA1	-1.91477986718	2.36215438143	0.0855298919707
CMAH	-1.5323297514	3.03530828051	0.0502786657198
CML1	1.62690426379	-2.48728996589	0.0861305355696
CNKSR2	1.50190676099	-4.46187770655	0.0147859503885
CNN1	-5.4262647547	3.77171134256	0.0636562796578
CNPY2	1.33575801655	-6.34066074814	0.0158175707373
CNR2	-1.09920340845	3.43338312732	0.027698509609
COBLL1	-1.33669362793	2.79661821908	0.0570762909595
COL20A1	-1.26161930514	2.50468718067	0.0890492686844
COL27A1	-1.62739776704	2.59615629543	0.0608974658903
COL9A2	-2.75054856644	7.57142857143	0.0038043226775
COPS7B	1.04557857252	-3.11787477245	0.065333377362
CORT	-1.62506136318	4.25062948491	0.0223514397938
COX19	1.14021139845	-5.53842867567	0.00856388665297
COX8B	5.91488338636	-7.24271728306	0.0185348990537
CPA5	5.9772799235	-10.7387150069	0.00856033554687
CPM	-2.29697944789	4.36477635424	0.0172944563635
CPT1B	-1.47014209872	5.62762408624	0.0148513404617
CRB2	-1.98750905582	2.99595196145	0.062131258482
CRBN	1.34710891162	-5.89042634413	0.00553562387879
CREBBP	-1.25575686299	5.28289769056	0.00963180313709
CRIM1	-1.13232560867	2.62054589504	0.0822503522587
CRTAM	-1.85526490702	5.38153266781	0.00614237813496
CSF1R	1.49724571681	-3.00289997584	0.0884501825222
CSNK1G3	-1.29701084186	4.77639745371	0.00927201360508
CTF2	3.23266075679	-6.5327956768	0.00336760017379
CTLA4	-1.52342678408	3.00492370814	0.0505142986449
CTS3	3.73180388905	-3.55464981503	0.0694314715809
CTSO	-3.56694466566	5.06267381342	0.0162263045897
CUX2	-1.58496250072	3.33744726054	0.0419150545635
CX3CL1	-2.63063435911	4.52026944118	0.0140704802713
CXCL1	-1.75637374422	3.31338058313	0.0747771831197
CXCR5	-1.74966853565	2.79103692752	0.0510770212059
CYGB	-1.2403447406	2.55385123565	0.0662458721116
CYP11A1	2.25168160102	-2.98482506213	0.0423123211644
CYP2D22	-1.20591998692	5.26310597841	0.0110478626203
CYP8B1	-2.13152962271	2.71308884186	0.0734837826204
CYTIP	-1.49023629682	6.65509619269	0.0148473748822
D030017L14RIK	-1.32071847208	5.9118796508	0.00768342511286
D030026J11RIK	-1.80418067426	3.57127516294	0.0572230132202
D030035F05RIK	-1.34001045387	2.68793601114	0.0674625390423
D030036O12RIK	6.12239663136	-4.03379131744	0.0563158650823
D030041I21RIK	-2.02494635713	2.39249813086	0.0751331142911
D030069G17RIK	-1.53561198395	2.8584900308	0.0811011642168
D030074E01RIK	-1.14605139153	4.28791495462	0.0323728594692
D10BWG1379E	1.4035783839	-2.34701397019	0.0799947656803
D130003B22RIK	-2.2046904196	4.625	0.0103669169357
D130035M05RIK	-1.01602022059	2.96810251699	0.06760112377
D130039D18RIK	-1.76899444836	2.72146706369	0.0530560074322
D130049D01RIK	-2.05998210483	2.84950483252	0.0570860647942
D130056A19RIK	-1.76553474636	5.70351825472	0.0235028903599
D130057F13RIK	-1.71640355076	2.82259706295	0.0788144247161
D130062J21RIK	-2.4277316537	3.37530477015	0.065227782084
D130067M12RIK	-2.76167210673	3.19279683239	0.0661573537603
D16ERTD472E	-1.00635377634	2.77808981144	0.09800182156
D230004J03RIK	-2.43663975376	2.67597443202	0.0653341571504
D230007L07RIK	-1.32652999685	2.68060692084	0.0554311149259
D230010O12RIK	-1.63566946275	2.82069916734	0.0810394045134
D230018C02RIK	-6.09451759878	5.60247198187	0.0304136516797
D230024N23RIK	-5.81591693556	3.13040428858	0.0886821073926
D330004B08RIK	-1.79725535686	3.19996554225	0.0571654530745
D330028D13RIK	2.47304582774	-3.74080137902	0.056039019599
D330034M21RIK	-1.41249530472	2.98121780058	0.0472791988597
D330035D07RIK	-2.90230332611	7.50934377309	0.0016988873597
D330035K16RIK	-2.57844919376	2.39115686732	0.0955262727468
D430015D21RIK	-1.6123779583	5.58321198752	0.00853459312718
D430018F24RIK	-4.82442843542	3.68190869155	0.06649264749
D430029B19RIK	-1.7321161945	2.49288855657	0.0701528334132
D430045C01RIK	2.29504480074	-3.21647857838	0.0485978021428
D530007E13RIK	-1.7921172192	4.29365806083	0.0426609152346
D530030D03RIK	-2.80735492206	2.72352389701	0.084868373468
D630013A16RIK	2.22167161441	-2.9010998912	0.0722061087233
D630036F01RIK	1.57932696605	-3.98924766294	0.0345224711672
D630043K02RIK	-1.72935241006	4.19371068415	0.0234770621733
D630048P19RIK	-1.40785203248	11.8726412247	0.00200566892111
D7ERTD413E	-1.81912335621	2.50441933063	0.0836254278581
D830014E11RIK	-2.23867259124	3.43358714622	0.0604511670217
D830015G02RIK	3.90689059561	-9.72111104761	0.00639999494758
D930012N15RIK	-4.0604115167	7.79901644659	0.0101790497855
D930020L01	-1.14523571756	2.58675221874	0.0865219241144
D930021N14	3.22542011403	-9.845928483	0.00685247325896
D930039D09RIK	-2.62243720614	2.64575131106	0.0912363935901
D930043N06RIK	5.07324898203	-2.97653802223	0.0967646027714
D930046G03RIK	-3.29278174923	3.55332055358	0.0519404601992
D930049D19RIK	4.50552803323	-3.60274551986	0.067323016243
DACT1	2.15055967658	-2.44223588726	0.074089489815
DAO1	5.28540221886	-6.58179306876	0.022314276802
DAP	1.44346179837	-4.87861663352	0.0157317810202
DARS2	2.18300482849	-3.97015895931	0.0167937608147
DBIL5	-1.12675714229	2.54346825599	0.073613781409
DDB2	-1.1526788343	2.96713566624	0.0494762817711
DDEF2	-1.05229450744	4.06138466053	0.0161269316437
DDN	5.56681515401	-3.35984978891	0.0781390639292
DDX25	-1.45407116026	2.41337130689	0.0830776394496
DDX6	-1.7237234831	6.3671782911	0.0061406692186
DERA	1.23059805124	-2.80065811732	0.0618486826232
DGCR6	1.31658069627	-5.16220867994	0.0100583924673
DGKA	-1.27994196266	2.53131205394	0.0783617395237
DGKI	1.06413033742	-2.7890090406	0.065104394067
DHDDS	1.0379124163	-2.40277414984	0.0975175767099
DHFR	1.8611261785	-3.6098926994	0.0232125090881
DIO3	1.96499355017	-3.46842595232	0.0275281729214
DIS3	2.06106152574	-4.75872598935	0.00905968528532
DLGAP5	2.1442714566	-2.77116594941	0.0544415003639
DMXL1	-1.35967939784	3.1592130219	0.0575260864111
DNAJC1	-2.117874717	3.66870580884	0.045784882438
DNAJC3	1.36566310921	-3.7669377633	0.0604678141378
DOCK6	-1.04289042429	4.13527687385	0.0299645085881
DOT1L	-1.74980255239	2.98326841289	0.0782606279004
DUS2L	-1.5537404031	3.32187593586	0.0375049981425
DUSP10	-1.77754566972	3.40600689612	0.04194860335
DUSP23	1.68197778805	-11.6331763298	0.00394355732806
DUT	1.28863663282	-3.07310302723	0.069031824267
DYNLRB1	1.07913258013	-6.00294232128	0.0214235073523
E030007H10RIK	-1.42482598101	2.80889564416	0.0518304945673
E030007N04RIK	-1.16187799903	2.25934667174	0.0886075805382
E030030I06RIK	1.62253480754	-2.37880898432	0.0933138681097
E030033D05RIK	-3.54432051622	4.02335104484	0.0565841429843
E030040G24RIK	-2.00780954484	2.91913736259	0.0515973997869
E130012G03RIK	-2.43995006924	4.86506229856	0.0106350035814
E130014H08RIK	-1.33153870462	2.51184390841	0.0791340642069
E130102H24RIK	-1.26267384153	2.39522476533	0.089519231903
E130307A14RIK	-5.68369645431	3.02671315102	0.0938853337571
E130307L24RIK	3.26903314646	-6.34197837076	0.00346751634908
E130309L16RIK	-1.5681205476	3.14267278919	0.0616868156327
E130314P11RIK	5.6534422386	-2.93198675148	0.0993006832137
E130318N20RIK	-3.10433665981	4.91233305495	0.0184479630225
E230011J22RIK	1.3701116284	-2.61988801852	0.0601793277253
E230020O17RIK	-2.01996189977	3.672202272	0.0491140621945
E2F2	1.03292116817	-2.27328202085	0.0982632310024
E330017A01RIK	2.10638934459	-2.51170337543	0.0659559590745
E330018D03RIK	-1.76227324276	6.56251905902	0.0120323746556
E330018D23RIK	1.91427012597	-3.30474633136	0.0540769821774
E330019C05RIK	-2.19673783258	3.20843482933	0.0444215041871
E330019N15RIK	-1.48845065713	3.33824974453	0.0292945307384
E330020K23RIK	-3.08862489934	6.12376514087	0.0205198460271
E330027G05RIK	5.01919356523	-15.1096620344	0.00225972210138
E330031M19RIK	-1.60113864822	3.42385613586	0.0549904452103
E530018O14RIK	-1.58496250072	2.99161721898	0.0413192911417
E530020K13RIK	-1.66485751406	3.97168442674	0.0317455354328
ECE2	1.09953567355	-3.68781778292	0.0438616955055
EEFSEC	-1.40365727143	6.00521512484	0.00399310304334
EFCAB9	-1.94603717179	2.39784373985	0.079523630693
EFEMP2	1.80575636783	-2.86406146953	0.0518315121843
EFR3B	1.28445338947	-2.52126094579	0.0806752828539
EG226472	1.51281271497	-3.18888916153	0.0727335193735
EG244911	-1.99291057521	4.01269172941	0.015973051426
EG330070	-1.36327366147	2.7144818108	0.0578570604996
EG383436	-2.17443830931	6.09315417831	0.00527788870508
EG384179	2.25784987074	-3.6917470024	0.0317260123736
EG406223	-1.41344071434	2.40630451973	0.0787128748177
EG432907	-2.54527879925	5.37771197595	0.0102383579309
EG433365	-5.04439411936	27.7128129211	0.00129954570823
EG433643	1.33778996926	-4.00277296394	0.0162007567065
EG434077	-1.58605317931	4.25886435728	0.0305835674531
EG545253	1.55992594978	-3.35142055022	0.037689070134
EG546896	-2.79077203786	3.07799422399	0.0544675481695
EG547447	-1.16587816838	5.13097681508	0.00712490594542
EG627022	-1.05260680643	3.60952785013	0.0354699850754
EGR3	-1.81214424089	3.51249222062	0.027837429945
EHHADH	-6.29155444584	5.19287318002	0.0351407515552
EIF1B	1.0876684371	-3.8152574011	0.0278566467499
EIF2AK2	1.70703422181	-2.97770841805	0.0702253210884
EIF2C2	-1.27153781409	2.81320134097	0.0677574980971
ELF3	-1.86598265203	2.65206953215	0.0647254641169
ELMO1	-1.15181990571	4.13082669562	0.0145286514093
EML1	-5.51306958224	3.86181579862	0.0609834338152
EMR1	1.08370170358	-10.445694331	0.00203741767868
ENG	2.17626325061	-2.8357020023	0.0986036932249
ENO2	-2.37689455411	3.45125433681	0.0292552466001
ENSMUSG00000054044	1.94753258011	-2.5	0.0677379830075
EOMES	-1.73434012476	2.93171116143	0.0436202657033
EPB4.1L4A	-1.35176332443	2.32783970139	0.0913177768185
ERCC6	-1.94189704544	4.98294092605	0.00758150310675
ERDR1	-1.89675483217	4.24928162887	0.014600378032
ESCO1	-1.2328165638	3.24583390835	0.0362658094568
ETS1	-1.26289073903	2.77655885074	0.0544521740755
ETS2	-2.03951887596	4.13398136327	0.0273401932073
ETV4	-7.40655934535	18.8053419001	0.00281578953615
EXOC3L	2.76466852296	-2.48056221294	0.0971797567244
EXOC8	1.04034407696	-2.40594070849	0.0856565255567
EXOD1	1.0332518058	-2.69357277267	0.0732251584796
F630111L10RIK	-1.80276765256	2.78725422722	0.0494782424431
F730011C10RIK	-2.80735492206	3.22758777334	0.0481545691296
F730015K02RIK	-3.22706890855	4.18735885093	0.0362292733236
F730039D13RIK	-1.70245606374	3.75930218806	0.0238403925507
F830005D05RIK	-1.7332871498	2.73003414319	0.0632609498295
F830008I11RIK	1.47935231276	-6.2471615176	0.00638925664977
F830048D03RIK	-2.68329692937	3.68869612166	0.0554594187407
FAM118B	2.63374487381	-5.03010691148	0.019384387904
FAM134B	-1.52590226835	5.35317892158	0.029573223136
FARSA	-1.77889262231	3.19459053177	0.0825398955681
FBLIM1	2.02579600088	-2.54042891453	0.0665087515554
FBXO3	1.04446809044	-2.98790268874	0.0413224167513
FBXO30	2.29795526921	-2.55660912909	0.0982605675107
FBXO4	-1.21999656277	2.44204927851	0.0984619654868
FCER2A	-2.73516456301	2.9300761095	0.071050918332
FCGR1	3.08862489934	-3.83864958263	0.0570431565327
FCHSD2	-1.05433876047	2.17194210737	0.0970913790359
FCMD	1.15553275135	-2.90125045013	0.0544214726614
FCRL5	-1.93218461577	2.75588518727	0.0982427424368
FEM1A	-1.93161302502	2.87252999487	0.0687189423331
FEM1B	1.0080768616	-3.85155085991	0.0520278119111
FGD6	-1.1497551288	5.10902026476	0.0280163480515
FGFR1OP	-1.34345360672	7.94205790075	0.00691675345839
FHL3	2.47002673388	-4.14846430593	0.0143033817064
FISH	-3.93411206434	3.318616558	0.0762998450987
FLNB	-2.2336809671	4.93190757182	0.0198282430735
FNDC3A	-1.27180461546	3.33384724379	0.0544178740486
FOSB	-1.72427139218	3.24175974069	0.0316351303843
FOXO1	-2.29616499882	6.68192479963	0.00308836877361
FOXP1	-1.41191521474	4.0937280041	0.046957146329
FRAG1	1.16738565437	-2.81733672537	0.097678212336
FREQ	-3.93411206434	6.86802819743	0.013652336041
FRYL	-1.1531762731	2.89877363185	0.08650072916
FRZB	-1.79036185114	3.90964526357	0.0194297938469
FXC1	1.04990214976	-3.27003375241	0.060201596163
FXYD2	2.20759541941	-3.1235807588	0.0358365197175
FZD6	1.77693200148	-2.55697410858	0.0740525763222
G430079N04RIK	-1.17082025126	2.90737513725	0.0675707612098
G630022F09RIK	2.87184364851	-3.46437917626	0.0510698818892
GABARAPL2	-1.46792307953	3.59391167356	0.0276861753993
GABPB2	-1.19358077901	3.01256550002	0.0746042060673
GAD1	-3.41477687331	3.09672111571	0.0845606931259
GALNT11	-1.088546856	3.46610669407	0.0327473954847
GALNT6	-5.38082178394	13.9943597661	0.00506737492511
GATA3	-1.87366178995	4.77780226469	0.0206084766494
GATC	1.39933259857	-4.23872355888	0.0232613247132
GCC1	-1.746551643	2.23567006523	0.0944989184641
GCH1	-1.81970141039	4.2246689159	0.0435957526889
GCNT3	-5.18322182406	7.57142857143	0.0170003714681
GDAP10	-1.70388819692	3.07500644937	0.0488473495425
GIMAP6	-1.43850457616	2.7245422385	0.0566795380126
GINS1	1.92561294788	-2.75258175616	0.0989534326143
GINS2	1.57574691499	-2.88261371136	0.0828748074315
GIYD2	3.63860046432	-9.83894699898	0.000753333863527
GJB2	-2.10123997976	3.32447831358	0.0292988322495
GLA	-1.89421676557	2.42972118145	0.0888589296937
GLIS1	-1.58496250072	2.28669202037	0.0927170060123
GLO1	1.05308305254	-4.6389219655	0.0183983134101
GLOD4	2.00971515483	-2.70686216933	0.0608565291743
GLRX1	5.54206730213	-2.97806457836	0.0966362497085
GM136	-3.63558857379	8.0	0.00565423972688
GM22	1.49284429873	-2.74598050942	0.052032718253
GM336	-1.46599843505	3.69585703059	0.0212837441071
GM88	-1.7429148605	2.80323830109	0.0514191061974
GM969	-1.99196268093	2.36585224768	0.077814445287
GM97	-2.47002673388	2.56078519557	0.0757525913426
GNA13	-1.32641207524	2.57984946594	0.0862258813674
GNAL1	-1.00888610539	3.94157090761	0.0299368023912
GNB3	2.59903768593	-3.85633422734	0.0349214465757
GOLPH3L	1.37449356059	-3.39666271676	0.0318395202934
GP2	-4.8242005935	3.46714076524	0.0731219931119
GPN2	1.99143583891	-15.167818118	0.000110181366752
GPR107	1.41957970768	-2.25550140403	0.0871216420748
GPR171	-1.60179845079	2.52751387051	0.0936270565849
GPR174	-1.11745053881	2.55114159552	0.0854485964959
GPR177	1.14084470839	-4.84326528295	0.0108071297378
GPR180	1.31292328163	-2.70838509372	0.0559346286482
GPR44	-2.94371086915	4.07209989243	0.0212616990341
GPR64	-2.54648835291	7.56235341605	0.00397013649106
GPR83	-1.72031435362	2.70808103322	0.0614376292667
GPR88	2.03058831983	-3.31095243322	0.074824367868
GRAMD4	6.15286983726	-3.9256410149	0.0588327408261
GRAP	-1.5859499717	3.62760729393	0.0337659759428
GRASP	-2.86164314518	4.95269586305	0.0174981578181
GRN	1.0163333566	-2.79963712503	0.0963725520909
GSTO2	-1.60533629091	3.32253040742	0.0308131462398
GSTP1	1.27334251975	-4.60388266312	0.010355033659
GSTT3	1.35053605059	-2.28151110842	0.0966334298471
GTF2A1	-1.0216950711	2.76722015029	0.0834109538755
GTPBP4	-1.05491870611	2.81955550974	0.0565518213359
GTPBP6	-1.18276392771	2.64270203533	0.0902253329641
GUCA2A	-2.79043161902	3.09987615487	0.0497766533677
H1FNT	2.45317262817	-2.40472919745	0.0953609555904
H2AFV	1.19496995176	-4.87250862685	0.0294940052295
H2-DMB1	-1.38936361408	6.37860534925	0.00941650393461
H2-DMB2	-1.36194212985	3.4882751524	0.0359854898675
H2-Q5	-1.90023821828	5.4281015357	0.0145149917867
H2-T23	-1.16627525308	15.1078746927	0.00079854539589
H60A	-2.28421333989	3.29964592903	0.0597774486762
HABP4	-2.38194486142	6.28057978623	0.00349480036407
HAK-PENDING	-1.52665132479	2.43302308287	0.0720789432916
HARS	-1.28208783036	3.38370241038	0.040277650084
HBB-B2	-2.84638188726	3.36298836593	0.0566626010745
HBB-BH1	-1.48140630889	2.72533614409	0.0537508396306
HBEGF	-1.01354653184	2.63075769997	0.0926459758486
HIC2	-2.13672659829	3.70026524604	0.0623787981462
HIST1H2AB	2.05501174734	-3.61837274186	0.0365908752391
HIST1H3G	1.48816006772	-3.19061736016	0.0450748933444
HIST2H2AB	1.55739118396	-2.88998901245	0.0971664053217
HOXA5	-1.4985079026	2.58777832688	0.0608819242325
HOXA6	2.30433403487	-2.95454545455	0.0448969548868
HOXB9	1.36815111165	-2.68793601114	0.0726883607815
HS1BP3	2.70379873023	-5.43829017247	0.0114836380268
HS3ST3A1	1.11691775178	-2.7748188719	0.0953732589123
HS3ST3B1	-1.6527939914	2.71903509834	0.0652768751793
HS6ST3	-2.14684138833	4.63472361457	0.00989324040917
HVCN1	-1.46650547046	4.77561472254	0.0179286551266
IAP	-1.23244458101	5.39845798725	0.00945441199512
ICOS	-2.46253017459	9.94265085542	0.00533486102934
IER5L	-1.72156420123	4.33000587774	0.0128497373694
IFI35	-1.25428096187	2.64703329441	0.0690297605039
IFIT3	1.363144927	-2.7243795976	0.0902010465894
IGSF9	-1.11987250756	2.57440886363	0.0759063411208
IKZF3	-2.4564249589	26.2961594154	0.000103309855131
IL11	-5.74595437739	5.60016151957	0.0304376180297
IL15	2.36907918826	-5.32658183251	0.0296464320904
IL2	-1.76593033042	2.83043948246	0.0870856737597
IL27RA	-1.13530808137	2.44259432851	0.0739448233856
IL2RG	-1.53009714497	4.86679744336	0.0291691739253
IL4RA	-2.24243750123	2.91028380226	0.0447401921783
ILDR1	-2.17108332751	7.18009370486	0.00371171607503
IMPACT	-1.25676901126	2.88878902524	0.0598286303749
ING5	-1.40090837381	3.55268232806	0.0569299152609
INPP4B	-2.47318768786	5.81587747123	0.00543491110498
INSIG2	1.12056948318	-3.54009008043	0.0256883857658
IPP	1.00380268352	-4.55323182572	0.0134165600482
IQCC	2.58917475201	-3.40669368472	0.0516625813751
IRF4	-1.53505265693	3.06147241216	0.0410775708811
IRS2	-2.27816450545	4.93521189906	0.0143132882588
ISLR	2.40498383461	-5.08693651198	0.0070643251799
ISLR2	-1.91852429799	4.46231082979	0.0217852655067
ITGA2	-3.65293929454	3.09276856414	0.0797256562585
ITGA6	-1.46136855566	4.08252585531	0.0370799679097
ITGAV	-1.08526910448	3.09946008309	0.0395951197286
ITPKB	-1.56992748203	4.01292312459	0.0428435228249
ITPKC	-1.18504572222	3.86523675879	0.0317470312445
ITPR2	-1.05316505147	3.14843961008	0.0346031191184
JAKMIP1	-1.12903779807	3.23787422891	0.0760815592253
JARID1C	-1.53496311418	2.79198906732	0.0616400370807
JMJD3	-1.56515640513	3.31316164378	0.0660806940487
JUND1	-1.81914937127	4.24467852276	0.0135721137326
KCNB1	-2.9768635012	4.83820802371	0.00939148391073
KCNB2	2.50986104548	-2.56561742599	0.0807902245688
KCNK1	-2.52572329735	3.62655948547	0.0223952649308
KCNK6	1.45021838038	-3.80066644432	0.0198778149701
KCNQ3	1.20984716802	-2.30386391628	0.0830980850142
KCTD7	4.48112668974	-22.627416998	2.25931878772e-05
KIF20A	2.46165285855	-4.03772532578	0.0222933762866
KLF10	1.15509758376	-2.44997978775	0.0712516434085
KLF3	-2.45999343766	7.48803892428	0.0154248602831
KLF4	-1.69820282612	3.25174679177	0.0667410867731
KLF6	-1.03401153735	2.6153940177	0.0640934103152
KLF9	-1.58049659213	2.76791789383	0.0818025053977
KLHL21	-1.67491950935	3.38805012778	0.0733675992647
KLHL22	1.09879847627	-2.81885714771	0.0511665101358
KLHL23	1.82471608272	-3.45949203011	0.0259374563679
KLHL38	5.30985526259	-3.15946132208	0.0872647229436
KLK1B21	-1.39888377877	2.39666050863	0.0758703740877
KLRA17	1.19311537418	-8.18112474225	0.0128519060224
KLRB1B	-4.01546311739	3.36279812284	0.0700804555958
KNDC1	1.0965732597	-2.25592981514	0.0914740900192
KPNA2	1.28688114779	-2.89904239314	0.0996374517396
KRCC1	1.01274849274	-3.89333379893	0.0336819529272
KRTAP16-4	-2.94404359403	3.31048856902	0.0555190163738
KRTAP5-5	-1.77311459764	2.23794480418	0.0987691079313
KTN1	1.25565487547	-3.82529886315	0.037934840807
L1TD1	-2.63878520023	2.75595334197	0.0936628796358
LARP7	-1.02448580954	2.91720300197	0.0440150345077
LCK	-1.14049744127	2.18285457027	0.0947250295884
LDB3	1.80109593159	-2.39934351752	0.0933079156215
LENG9	-1.42503878378	4.06790103498	0.024149636562
LGALS2	-2.33664960059	3.10102125432	0.0405622146094
LHFP	3.27585844619	-4.44186280462	0.0461076762924
LMBR1L	-1.640082521	3.54599640724	0.0397832479562
LNX2	-1.29636558111	5.03376812045	0.0272862947105
LOC100039001	-2.78710623821	5.69136125372	0.00501680396292
LOC100039590	-1.78199934778	9.46942523848	0.000700434213663
LOC100040233	-1.28488110813	3.62136517273	0.0445582097058
LOC100040243	-1.4592368084	2.59375505579	0.0980794120354
LOC100040766	-3.96082940272	7.96486185632	0.00851699292723
LOC100041343	1.23053176615	-3.57894736842	0.0554666456765
LOC100042744	5.10153802646	-3.18142381488	0.086214828303
LOC100043518	-4.82442843542	4.16291927705	0.053145558529
LOC100043906	2.47760815365	-3.00668868853	0.0908085756523
LOC100043919	-1.24514550201	3.33515208598	0.0349426421595
LOC100044177	-1.21944091654	3.11701034579	0.0390902259281
LOC100044376	-1.00645879151	4.02562239293	0.028427218064
LOC100044636	1.2533638084	-3.16793637807	0.0422268836096
LOC100044756	-1.45608077117	6.65482989515	0.00483592712792
LOC100044812	-2.48698734116	3.77181666909	0.0199925247588
LOC100044968	-1.06832864755	2.82517748816	0.0935005840902
LOC100045198	5.40372218605	-7.11188774999	0.0192034043891
LOC100045505	-2.30319153231	2.79887195322	0.0505683097747
LOC100045524	2.344828497	-2.65855877923	0.0634120727307
LOC100045679	-1.45510868454	3.10426836544	0.0414595613584
LOC100045795	-6.64865717604	6.20295116212	0.0250185955476
LOC100045796	1.97965955172	-2.49929879465	0.0922170161955
LOC100045840	-5.69116190455	2.92958470907	0.0994400942859
LOC100045877	-1.1268844084	2.97977777076	0.0487575238374
LOC100045950	-1.95263676035	5.63134242329	0.0129034221243
LOC100045958	2.12123074465	-4.76147688489	0.00961920078165
LOC100046143	1.56008783208	-3.59066249359	0.0275589269569
LOC100046792	-1.93706874427	5.1534352365	0.0148706469274
LOC100046817	-2.22734722395	4.43047669656	0.0428369066882
LOC100046905	-1.1005217946	4.94690363426	0.00777949317001
LOC100047028	1.87446911792	-3.32595052619	0.0306032179977
LOC100047082	-1.19993757051	3.87634969482	0.0496769180428
LOC100047268	-2.63283912767	6.89271454088	0.00239971416522
LOC100047345	1.98272200857	-2.92922466582	0.0642696312222
LOC100047606	-3.50396277861	10.6870574982	0.00300278139494
LOC100047726	-1.36318177964	2.98959160442	0.0764118699043
LOC100047762	-2.05935527762	4.0249223595	0.0429321311198
LOC100047810	-1.1996275302	3.2474644116	0.0723200759905
LOC100048049	-2.4780472968	3.19234753787	0.0347486680243
LOC100048082	-1.71902342346	3.66868500645	0.0236898395825
LOC100048105	-1.18969002807	4.73180461561	0.013120872759
LOC100048332	1.42449782853	-2.71002994358	0.0591191492897
LOC100048346	1.44090304894	-2.70099117834	0.0542153836484
LOC100048434	2.52025681133	-2.46969584977	0.0929054426665
LOC209033	1.51077160267	-2.19293496564	0.0958567767201
LOC209901	-3.22542011403	2.96348274251	0.07946208582
LOC210497	1.55198517827	-3.80847269725	0.0519616679974
LOC211870	-1.18969538352	3.12730566674	0.0757869829688
LOC212084	-1.99554035181	2.76503721664	0.0654390719181
LOC213711	5.72792045456	-8.0882232189	0.0149442004487
LOC215538	-3.61244323714	6.2596983577	0.00948988580204
LOC216375	1.1756097064	-2.61124975388	0.0598167383743
LOC216605	-2.124328135	3.71231060123	0.0311076642303
LOC218411	-1.67717887194	2.71866176191	0.0933019759732
LOC224882	-1.72522038649	2.57082021527	0.0981462226928
LOC229810	-3.54587514465	3.85686031262	0.0418404523694
LOC236311	-1.03862129403	2.60960049194	0.0868473575047
LOC236856	-2.10019428805	3.69975849587	0.0634662437361
LOC239143	-1.92313123662	4.20291757343	0.0420377766665
LOC240066	-2.2370391973	2.78685200857	0.0954205413717
LOC240219	2.26619474673	-4.68905622937	0.0163101709422
LOC240672	-2.19831120875	2.98676955599	0.0681759059967
LOC240750	2.28336824836	-2.96732250396	0.0698488227484
LOC241066	2.04629365227	-3.3001145893	0.043102617661
LOC241528	3.11042398969	-2.99237609949	0.0913036980066
LOC242004	2.37168113008	-3.44674245586	0.0261659274016
LOC243359	-3.04669323545	2.77783540369	0.0866092966751
LOC269365	-1.68280982412	3.28445904722	0.0693488538913
LOC272633	-3.975196609	3.56928645884	0.0641352571139
LOC276837	-1.17078196318	2.23226624643	0.0926402307676
LOC279638	1.12906257305	-3.17013490278	0.0653918060998
LOC279899	-2.02689522706	3.59187656902	0.0246985530824
LOC280144	3.86789646399	-3.33397429735	0.0773402622201
LOC280487	-2.07535623839	4.9097937704	0.0141388624615
LOC328884	2.11999977611	-4.65728704083	0.038563025328
LOC330402	-1.73401831012	3.86052713043	0.0294851407685
LOC331476	1.16784168694	-2.89450890795	0.0781193260267
LOC331762	1.87446911792	-3.41506231311	0.0549212674283
LOC333751	-1.12324054463	6.19236306371	0.0113201327522
LOC380623	-1.69847800665	2.94911316822	0.078334414598
LOC380716	-2.44793302421	2.9405001279	0.0817214456949
LOC380728	2.55799545312	-4.79622792217	0.00999628925085
LOC380814	-2.92376441417	2.98481002898	0.0845391238634
LOC380888	-5.533978572	9.42990333583	0.0110594638226
LOC380897	-5.07324898203	4.82811346301	0.0403219437671
LOC380986	-2.02191477643	2.74594509727	0.0616598154504
LOC381022	-2.42920483121	3.38208612968	0.0493411648169
LOC381025	3.23266075679	-6.29748151099	0.00343551553836
LOC381140	-1.85835720888	2.42730871846	0.0964075396786
LOC381157	-5.07324898203	3.52709717867	0.0718298536391
LOC381177	-1.50901364749	3.4698895918	0.0302171097943
LOC381214	-3.12653240593	3.20251425617	0.063799237482
LOC381232	-1.44305521329	2.47049202249	0.0820063854748
LOC381305	-1.12525126293	2.34502614706	0.079815354313
LOC381349	-2.59903768593	3.48776055431	0.0304837299088
LOC381423	2.10511670581	-3.17521652805	0.0516678312851
LOC381471	-2.82946562366	4.8271207661	0.00854286909875
LOC381502	-1.54796829324	2.92958470907	0.0474805533437
LOC381631	2.27684020536	-3.45581758188	0.0259584096792
LOC381660	1.70781924851	-3.1395466344	0.0449720920405
LOC381689	-3.36923380967	3.74165738677	0.051600192959
LOC381739	-2.57900270158	5.02254287012	0.0205665239364
LOC381890	1.51382932386	-2.15634593332	0.0993182141128
LOC381895	1.90525951003	-3.76033059809	0.0380458340599
LOC381907	-2.13019872313	2.87252999487	0.0715706297579
LOC381936	2.05703094504	-2.49727123804	0.0690797136985
LOC381955	-1.39747912789	2.375	0.0766409642332
LOC382003	2.51164582308	-4.57261848168	0.0191252809007
LOC382100	-1.7863614144	3.91287196447	0.0237388758114
LOC382102	-2.01088831614	2.39456571305	0.0748623466958
LOC382339	1.58496250072	-2.76894856707	0.0829637465965
LOC382541	-1.77578484306	3.36463292455	0.0289951847316
LOC382557	-1.67784127686	6.35660825688	0.00318809572918
LOC382746	4.60486205816	-3.03488489333	0.0935805363236
LOC382814	1.08696059754	-2.76088142017	0.0691017583689
LOC382863	-5.99246632731	6.47122687372	0.0230569101422
LOC383251	-2.76938707186	3.60028128296	0.0376852709085
LOC383538	-2.04051515974	4.1229693674	0.0187634670002
LOC383556	-1.53520946552	5.77595897905	0.0062091569304
LOC383561	3.56768450929	-3.7811413228	0.0559212290321
LOC383616	-3.26434060333	2.79011644944	0.0905865889228
LOC383729	2.80735492206	-4.25472227025	0.0147612735303
LOC383897	1.17206862454	-2.95156023086	0.0910689778225
LOC383951	3.12653240593	-5.48048485863	0.0133256738501
LOC384054	-1.73899612939	2.52795135107	0.0769064652192
LOC384076	-1.39348135591	2.32016757371	0.0857897580069
LOC384094	1.97461468158	-5.10997476562	0.0162853271707
LOC384344	-2.36620865645	4.11203729635	0.0324576799424
LOC384363	-1.42560674099	2.61206397869	0.0824003573324
LOC384391	2.98606080904	-3.84460945973	0.0339806946104
LOC384664	1.75788624579	-2.9767765684	0.0550410156827
LOC384836	1.43789961315	-2.83752117164	0.0913107310694
LOC384842	-1.2209247762	2.56429177902	0.0623569279239
LOC385057	4.57634937042	-3.96545277677	0.0562584941796
LOC385097	-5.12928301694	5.66666666667	0.0297587525899
LOC385187	3.25122510354	-4.27300305793	0.0463814140522
LOC385228	4.92283213948	-3.44634597995	0.0748623062314
LOC385231	1.96466692689	-2.57669250441	0.0836704973326
LOC385392	-1.45327395881	2.61072782546	0.0696845232121
LOC385420	1.58496250072	-2.34785610681	0.0789915376481
LOC385719	4.75488750216	-5.6291651246	0.0301387739611
LOC385854	2.833706249	-2.68378715394	0.0832159332778
LOC385865	-1.11168278905	2.60757661937	0.0761985420775
LOC385877	-1.10547343015	4.45523390875	0.0421369671879
LOC385935	-2.52098187482	2.7299157934	0.0806341639887
LOC385976	2.15527822548	-5.81753813911	0.0244478505462
LOC386039	1.09794505041	-2.3366348421	0.0995444971372
LOC386054	4.82442843542	-4.1	0.054656899383
LOC386072	5.20945336563	-8.64692030547	0.0131120145672
LOC386119	2.86129372917	-5.50093391822	0.0146991913349
LOC386156	2.03448837639	-4.01396164803	0.0361148195124
LOC386254	-2.65400414515	2.78899428406	0.0752511741769
LOC386405	-1.24832921052	2.61292237123	0.080890871439
LOC386416	4.29768054864	-4.30345036446	0.0459287561043
LOC386468	-1.58496250072	2.4794235184	0.0692768954554
LOC386515	-2.07425455469	3.04027025826	0.048150418862
LOC434635	-3.32362438555	3.38329189777	0.0704890314039
LOC545481	1.53951952996	-2.71330864363	0.0540811163024
LOC620009	-3.53249508083	2.92510683566	0.0940199676663
LOC622901	-3.60464486658	5.08	0.0204857195035
LOC625445	4.92283213948	-16.6304368124	0.00359620995276
LOC630421	-2.97167127694	5.26361163809	0.0159258750307
LOC632997	-1.34701907585	3.69239797651	0.0620056485707
LOC638024	-1.87553936651	3.33812528977	0.0331653946363
LOC638050	1.87572363542	-4.05928233481	0.0161695887308
LOC641240	-1.26251030252	2.57091327747	0.0920988821499
LOC665155	4.85798099513	-4.58257569496	0.0444669140941
LOC665306	-1.08998136684	2.3708874428	0.0807720495497
LOC665506	-1.16066590183	2.44823255521	0.0837210823992
LOC665746	1.26810539538	-2.57855311565	0.0801892840352
LOC667005	2.02181083399	-2.86306490906	0.082442849192
LOC667084	4.85798099513	-3.46410161514	0.0741799002274
LOC674308	1.04966192778	-2.76006899349	0.0767264120675
LOC674720	-1.86326366321	2.40606662969	0.093662262526
LOC675567	-1.43399769091	2.81773812088	0.0734923727179
LOC675572	-1.54373983799	2.51679291467	0.0682642933234
LOXL2	-4.85798099513	2.96245158661	0.0975564105536
LPP	-1.61314103403	3.06017593788	0.0609330657957
LRFN3	1.70781924851	-2.21949011344	0.0945081219387
LRP1	2.10460940677	-3.17886750696	0.045175990326
LRRC10	2.96781959425	-2.99910860197	0.0877999228959
LRRC6	5.51306958224	-3.61765995595	0.0686356172117
LRRFIP1	-1.07545675509	3.40712452087	0.0621274074504
LSP1	-2.64186489196	3.14490237669	0.067187898608
LYPD3	-4.1931350406	4.62992800106	0.0431254014429
MADCAM1	-2.91560781271	4.0249223595	0.0285957840782
MAG	1.4716551949	-4.29058165161	0.0443908327465
MAGI3	-4.12469574745	8.02642693929	0.00793311133456
MAP3K1	-1.12334736819	5.88059824228	0.0253487160822
MAP3K2	-2.39903702059	5.14976594475	0.00703405103791
MAP3K6	4.05089066638	-3.42085955184	0.0710103534425
MAP3K8	-1.39026894193	6.73965389827	0.00601299237275
MAP3K9	-1.58496250072	2.4345080136	0.0801642994138
MAPK7	2.1392747886	-4.91947349949	0.0176370856733
MAST4	-1.46529227006	3.47705552179	0.0268937791421
MCART6	-1.1156722421	2.59994622028	0.0756242429474
MCFD2	1.01068495818	-4.57720111724	0.0150871153601
MCM6	1.11189854136	-2.31753032	0.0984062736206
MDM1	-1.31304994354	5.71671265426	0.00478202856316
MEF2C	-1.84387322274	4.59847936291	0.0106199923127
MEI1	-2.48938484074	2.71607238128	0.073685319819
METTL4	1.51198846917	-4.40199114778	0.0232187889262
METTL6	1.17157285432	-3.32904720069	0.0318296120658
MFF	2.0550055629	-7.11661585647	0.0181539514652
MGEA5	-1.71156667637	3.28384537138	0.0590041101898
MJ-2000-95_706	4.98489310761	-4.67059235961	0.042912064637
MJ-3000-114_1506	5.10153802646	-4.06894229386	0.0554261050774
MJ-500-43_317	3.63558857379	-2.85714285714	0.0990651407786
MKIAA1294	-1.52892846581	2.46653580608	0.0731843682218
MKIAA1429	1.04073025242	-2.66141473313	0.0698258602344
MLLT6	-1.21702923657	2.68050048926	0.0698340100414
MMP23	1.30466889454	-2.87931462536	0.0553915039062
MMS19L	-1.83218020109	2.87230045262	0.051665385712
MND1	3.20071321045	-3.21144889495	0.0838843696404
MOG	-4.04041426845	2.89847594275	0.0969961943454
MPG	1.02450969442	-2.95863047407	0.0510078187543
MRAP	6.79441586635	-3.87940088722	0.0604808486387
MRPL18	1.17176190608	-5.41116961326	0.0147395848127
MRPL20	1.01288652129	-3.51341549227	0.0648395276787
MRPL34	1.00712863781	-5.38828556134	0.00799306419548
MRPL39	1.79018763891	-4.14598621094	0.0143086233293
MRPL49	1.65283257517	-4.66834634182	0.0246018610811
MRPS25	1.06777421648	-2.66446045145	0.0580230689417
MS4A12	2.25238716163	-3.67065174193	0.0245860960084
MST1	1.50195272426	-4.63646435398	0.0113420444275
MTSS1	-2.19715092446	3.34854193327	0.0449074440845
MTSSK	-1.23547076623	4.80448406103	0.0133190602109
MTX2	-1.84181833163	2.45541270508	0.0725681288009
MUC20	5.61470984412	-3.38285509729	0.0773779066738
MYL9	1.51000044304	-4.08721532998	0.040578087404
MYO1C	-1.73000739564	4.64977867572	0.00996350856961
N6AMT2	1.61581208624	-6.59903840116	0.0040501848806
NAAA	5.00898878323	-11.7589424385	0.00604734049563
NACC2	1.15710720423	-9.38957293079	0.00385342168707
NANS	1.00582955949	-3.60861849851	0.0441676137427
NCAPG	1.6509257631	-3.60700561553	0.0343185552222
NCBP2	1.18576425916	-3.97947361508	0.0393741773163
NCK1	1.4749969895	-4.60272930721	0.0248376200613
NCLN	1.44210574248	-2.8900867039	0.0632822598734
NDN	1.9586679784	-3.11850272356	0.0699654204802
NDUFA12L	1.2358681215	-6.65493968995	0.0209820313168
NDUFAB1	1.34191957007	-2.3982828364	0.0817012848464
NDUFB2	1.008829851	-3.31038945503	0.0641284454267
NEK6	-1.98820060391	2.97273572628	0.0950871622169
NFKBID	-1.23611315339	3.4225415224	0.0271988529197
NFKBIE	-1.86584938416	3.56276809526	0.0387323228546
NFKBIZ	-1.12677172924	3.10507750306	0.0429440927543
NHE7	-1.22139401642	3.67812758618	0.0459658387648
NHEDC1	-5.57490883606	17.5	0.00324939933045
NID2	2.94923688632	-3.3235549791	0.0549011722878
NKX1-2	1.62219540692	-3.45733878718	0.0280105342196
NLRP14	3.68326457433	-6.57855396442	0.00835571899258
NLRP6	2.45317262817	-2.4634693663	0.0889701776195
NMRAL1	1.5530521801	-3.04808096986	0.0735320312336
NNT	-1.88661820058	3.44774213001	0.0545722359477
NOXA1	-2.3431445808	2.93150984989	0.0444934632959
NPAL1	-2.34831959378	2.88043474413	0.0455147918214
NPAL3	-1.005655076	3.74507258142	0.0290751855123
NPHP4	-1.27421195515	6.84531066831	0.00369801204424
NPPC	4.45003292064	-9.3466922351	0.00728187984245
NR3C1	-1.62876685365	4.43313314329	0.0156155814317
NR4A2	-2.03330095325	3.75857583748	0.0347826920345
NR6A1	-2.19089656841	4.09345994452	0.0378734946708
NRAP	2.97061619322	-3.13395569874	0.0787886469199
NRN1	-1.59546442182	2.25955543433	0.0867714039595
NUDCD2	1.32298462737	-4.68375198166	0.0262302228302
NUDEL-PENDING	-1.70721403926	4.14000994061	0.0408568029588
NUDT22	1.69397010676	-2.66057689482	0.0925947530012
NUDT6	4.38349149618	-8.76625157087	0.0117302962949
NUP160	1.22848617925	-2.55089296884	0.0689604214581
NUP43	1.13401139775	-4.75269946261	0.0271550931755
NXN	1.14205820801	-3.28943202516	0.0438717050752
ODC1	-1.08785313933	2.67415765902	0.0571058320069
ODZ4	1.31914565422	-2.94922755102	0.0968689552678
OLFM2	-1.56318555833	2.52838614268	0.0927187399127
OLFML2B	8.28743535551	-15.4507242514	0.00409686310554
OLFR100	2.22963124757	-4.76127598541	0.00934070081523
OLFR1080	-5.61470984412	3.46410161514	0.0741799002274
OLFR1084	-5.4262647547	21.0	0.00225988989428
OLFR1112	-2.49353947296	4.82962743955	0.0157882083167
OLFR115	4.52356195606	-3.49250349251	0.072265068926
OLFR1320	1.31170825257	-2.79242590522	0.0860075510172
OLFR1337	-2.18762700318	2.6423130363	0.0638116679281
OLFR1365	-1.99158776018	3.38250510452	0.0341080076379
OLFR1382	-2.06529146025	2.56974151007	0.0805959415249
OLFR139	-2.41028396931	2.44585494371	0.0896579888707
OLFR1489	-1.98657948424	2.37775319311	0.0761954093058
OLFR26	-2.09515723304	2.48030214574	0.0772575898583
OLFR285	2.73490312771	-2.87712905891	0.090010180633
OLFR331	4.98489310761	-4.82211024892	0.0404163943368
OLFR340	-6.26678654069	3.22311793278	0.0842708838474
OLFR345	-4.71881824746	4.64243888554	0.0434006153237
OLFR482	4.69249096503	-4.67040470573	0.0410525924816
OLFR523	-1.28798076296	3.24968299384	0.0583090611806
OLFR533	6.00749453655	-7.58182540244	0.0169549570424
OLFR617	2.22650852981	-3.78117670802	0.0326000047211
OLFR705	-5.10153802646	3.77964473009	0.0634141884183
OLFR790	5.59494658929	-6.15648078362	0.0253833983272
OLFR799	1.86598265203	-2.79617679183	0.0884364786638
OLFR934	4.33219643034	-6.24778221521	0.020765313906
OMG	-3.55371156674	3.3130646712	0.0645528110248
OPN1MW	-1.66192448254	2.48703277258	0.0720160410231
OSR2	-4.37428349995	3.14429766849	0.086930216345
OTTMUSG00000000231	-5.28540221886	2.95531232998	0.0979612373205
OTTMUSG00000010673	4.13903598584	-3.02320802923	0.0903812575376
OTTMUSG00000016644	2.28817930353	-3.07584507542	0.0666940682553
OTUD6B	1.40290866826	-4.49948523857	0.0113542740526
P2RX7	-1.53273254195	2.66646096997	0.0561545682986
P2RY10	-1.61367379736	2.60532416579	0.0621877803732
P2RY13	2.57216508418	-7.10683940936	0.014674019446
P38IP-PENDING	1.04872603982	-3.52356928987	0.0251250057098
PACSIN3	-1.69599381311	2.84296926237	0.046732748814
PAM	1.70160741957	-4.18083595863	0.036677460768
PANK1	1.45977946554	-2.85556462802	0.0493558479464
PAX6	-3.28203536776	9.41357448663	0.00170806924058
PCDHB22	6.1497471195	-6.73575314055	0.021337895264
PCDHGC4	-3.20328359839	3.17115094991	0.0768901533545
PCMTD2	1.21187902053	-2.98908064295	0.0739020674695
PCNXL3	-2.71271804792	8.04084401128	0.00135793121726
PDE10A	2.34680276353	-5.875	0.00484813486048
PDE3B	-3.2394659347	2.85690060664	0.0898559855638
PDE4A	-1.85374782754	3.53774568839	0.0243299534941
PDE4B	-1.70280522839	4.24842826472	0.038498018667
PDE6D	1.05981096879	-3.97384238874	0.0293460714555
PDE7A	-1.75972820232	2.90459412268	0.0626048368195
PDLIM1	1.10000618919	-4.51002382273	0.010920821018
PDXK	-4.91374426665	5.05595229039	0.0354947327331
PDZD3	5.35755200462	-7.55928946018	0.017053625634
PELI1	-1.01785187596	4.85978710873	0.00846901383084
PEMT	3.12501257957	-5.86234793301	0.00429915157779
PER1	-2.18422725176	7.18550665563	0.00334551605838
PGBPLL	-1.10323570894	3.65182345592	0.0328392065167
PGCP	1.96669701992	-2.90925481567	0.0824434683298
PGM2L1	-1.04478792175	2.14770400866	0.0988249332878
PGM3	2.3554806546	-2.62336091149	0.0843857885142
PHC1	-1.25589627919	3.60246741372	0.0232513998171
PHF20	-1.30213567515	6.62502969054	0.016285215117
PHKA1	-1.43222726058	2.73204642528	0.0628007065837
PHLPP	-1.82471608272	4.12212376107	0.0158153088319
PHOX2B	2.5252562546	-2.75403719327	0.0619799129187
PIGR	-1.10362263107	5.4	0.00704340502386
PIGU	1.4805295395	-13.5228629205	0.000422865685032
PIK3C2A	-3.87698910989	3.49086720546	0.0654599637457
PILRA	2.46794537597	-3.43351383614	0.0753045902354
PILRB1	2.1350111044	-9.67479219147	0.00973687910113
PIM1	-1.19699487429	3.26226226463	0.0340202454002
PIM3	-2.0222198453	3.59022687126	0.0444013469608
PKD1	-1.19684645989	3.65271895994	0.0225098907535
PLA2G15	1.43607204754	-4.6808155929	0.00950502650527
PLA2G4F	-3.01039517136	6.32887835483	0.00496207536869
PLEKHA5	-1.26122083546	3.08584264664	0.0694368401804
PLEKHA8	-1.01869609371	2.54116558412	0.0824566096862
PLEKHG2	-1.33272100841	2.82408050509	0.0720221481313
PLK2	-1.73327362382	3.66776275391	0.0242165651791
PLK3	-1.40112449242	2.88871966113	0.0448202502129
PLSCR4	2.80735492206	-2.91637370755	0.08808992761
PNKD	-1.94917574092	2.39725756935	0.0747925665691
PNMA1	-1.0226203292	2.45019636035	0.0704891962254
POLG2	-1.30464521403	5.04140973411	0.00761624629549
POLH	1.27932794348	-3.61871488085	0.0432632594583
POU6F1	-1.42108006713	3.91197637119	0.0193327252226
PPAPDC3	3.35484271736	-3.76473483083	0.0467251891642
PPL	-1.99542727021	2.52689598158	0.0834878635746
PPP1R10	-1.22858505239	3.6274066505	0.0433611345695
PPP1R3A	5.51727569321	-6.79099750102	0.0206055713716
PPP2R2A	-1.16689730874	2.35546098546	0.0781450582732
PPP2R3A	-1.04978263835	3.67213002612	0.0476019527576
PQLC3	1.43342628809	-3.87416339083	0.0505321335307
PRCP	4.30572134063	-7.73131208652	0.0159822647329
PRKAR1B	1.81897400532	-2.31724345395	0.0966212309216
PRKCC	-1.4162312892	2.66402044236	0.0755630102986
PRM3	-3.96082940272	3.38498888916	0.0735915789847
PRR3	-1.26971993387	4.03245216912	0.0553965095473
PRRT1	-1.25779775747	2.29352871632	0.0906961448674
PRSS12	-2.50250034053	5.94530014544	0.0145631885816
PSCD1	-1.7323984084	2.94830981452	0.0740713348944
PSCD2	1.1459403609	-2.94904228415	0.0940595962298
PSD3	1.48687750104	-2.62816499953	0.0967475163002
PSG21	-2.01329682261	3.12622069182	0.0503949376159
PSG23	-1.05919204394	2.54249133166	0.0846973344172
PSMD5	1.68117781598	-4.246874776	0.0170754175064
PTBP2	-2.07707622302	3.73101740284	0.0421021920314
PTCRA	-1.16673672381	3.51540068243	0.0308245012276
PTGER3	5.70965824817	-5.22710059643	0.0347056514628
PTGIS	2.13660492824	-3.48043752683	0.0452550165057
PTGS1	1.95605665241	-2.67556330047	0.0625805291264
PTK9	-1.08223826091	2.17803420935	0.0983990607187
PTP4A1	-1.4030407041	4.02574633127	0.0477635782445
PVRL2	1.90870416598	-2.96054093564	0.0573684534098
QPRT	-2.62588728769	3.2264695381	0.0451458811515
QTRTD1	-1.04627842023	2.99360472713	0.0546852621157
RAB30	-2.67420960452	6.10302155688	0.0252328801644
RAB6IP1	-2.6448339567	3.44870473605	0.0555863974108
RABGAP1L	-1.2065877231	3.11943913023	0.0390741504971
RAD1	1.05036988089	-5.10786771761	0.00749482748696
RAD51	2.04125072827	-3.2881965534	0.0438260463294
RALGPS2	-1.63044495686	3.32169412436	0.036787440902
RAPGEF4	-1.95217147491	2.993418071	0.0541180370842
RASGEF1B	-1.64376385434	2.65778663313	0.0747197095144
RBBP2	-2.15302376744	4.69281316033	0.0301393255677
RBBP9	1.66953367656	-3.53026760184	0.0253488687413
RBM4	1.11160879955	-3.58337109587	0.0353693921328
RBM47	1.290917566	-2.76393642615	0.0574217131077
RCC1	1.37907436999	-3.38322186271	0.0630204025631
RCCD1	-1.02752884566	2.78244649722	0.0838181858048
REEP4	1.06309850506	-2.62920201399	0.0986183330044
RELB	-1.60683938103	3.67746160258	0.028140636309
RELL2	-1.1195386982	2.99976087043	0.0512980780505
REM1	6.75933340719	-5.46469607808	0.0318930427174
RFC5	1.22859453952	-2.97479591665	0.0833174157623
RFX1	-1.01754413644	3.15906243292	0.0868872462861
RGP1	1.92969863864	-3.20435455141	0.0691535530293
RGS16	-2.15901375244	4.07102788139	0.047346911531
RGS17	1.93218461577	-2.84068504509	0.047649220027
RHBDD1	1.19153663753	-2.63907324091	0.0786970011286
RHOH	-1.28688114779	2.59268040862	0.0998154302306
RILPL1	1.70914191194	-4.00596042545	0.0162882501384
RILPL2	-1.39933557464	6.53963965107	0.0150398530863
RIPK2	-1.13636631211	5.21466113324	0.0110762888464
RNASE12	-4.71881824746	5.79494567264	0.0285110141267
RNF112	1.67111914447	-2.33446561974	0.087856572128
RNF139	1.08349999567	-3.7487347263	0.0510629954591
RNF141	1.18475476397	-2.20451059967	0.0923992868486
RNF145	-1.29773788227	4.29499889093	0.0137636246924
RNF216	-1.65849153614	3.0846348763	0.0770515897496
RNPEP	1.9962679548	-10.5608196093	0.00218737909906
RNU65	-1.3013225912	3.23548675289	0.0334554087806
RPGRIP1L	6.20294005867	-5.47055318419	0.0318280101282
RPO2TC1	-2.24133534406	5.53427172167	0.00921136708206
RPRD1A	1.09432738255	-2.42095873734	0.0778624112043
RPRML	-3.52773763203	3.96489634451	0.0428831455547
RPS6KA5	-1.15425925307	3.62741298181	0.0325033198613
RPS6KB2	-1.53930378373	2.30688949246	0.0881059633348
RRP7A	-3.26701226158	4.8614209075	0.0121485359266
RSU1	1.0678954724	-5.03832373868	0.0315596852392
RUFY2	-1.97198562383	3.06877684173	0.0788450830585
RUFY3	-1.48359016869	3.51893276532	0.0596577086202
RUSC2	6.42066204847	-3.30455871906	0.0806510258401
RWDD3	-1.12887751873	3.1202259224	0.0777632006059
RYR3	-1.68425342153	3.06985750498	0.0443092652825
SAG	-1.07887753556	3.03083211015	0.0388447736686
SALF-PENDING	2.26497221008	-2.47340866809	0.0747837324252
SAMSN1	-5.02216190494	4.27217173434	0.0506266422591
SAPS2	-1.08563007153	3.45164281468	0.0267979031324
SATB1	-2.03196313369	5.66391216684	0.00974414370317
SATL1	-2.07635088613	2.4239505937	0.0737316709278
SCD1	-1.42066544302	3.01920376605	0.0495453638172
SCG5	-2.97325245716	2.7901261779	0.0756550916316
SCL0001379.1_70	-1.91167112793	5.3423467678	0.0304645821193
SCL0001487.1_50	1.46981000253	-7.17613942349	0.00799231439624
SCL0001550.1_29	-1.00569860533	2.99942452351	0.0414349394306
SCL0001923.1_57	-1.07944320049	6.03823396189	0.0130138038544
SCL0002223.1_98	-1.10460221095	2.41789775394	0.0736651117873
SCL0002270.1_1	1.00476924415	-3.18050101242	0.0587554142814
SCL0002305.1_1	-2.05624036221	6.81114439355	0.00404333765499
SCL0002352.1_15	-3.35837009086	3.11622972357	0.0860670947062
SCL0002978.1_3	-1.64669149047	6.10568683808	0.00517377079781
SCL0003177.1_2	-2.10938345951	2.35853555615	0.0888028401242
SCL0003231.1_13	-1.6425340314	3.68349263302	0.022487130541
SCL0003300.1_40	5.38082178394	-3.515981548	0.0722366394865
SCL0003507.1_0	-1.51119844605	7.87601711334	0.00172804792833
SCL0003651.1_17	1.73287118019	-2.82241991181	0.0922367315365
SCL0003781.1_22	-1.58496250072	3.55560670987	0.0239661229023
SCL0003985.1_232	1.48223619917	-2.56772381204	0.0806566008717
SCL0004052.1_76	-2.28293396327	3.09141038716	0.0504643117747
SCL000710.1_2295	-3.33786963876	4.1	0.0399914963316
SCL000896.1_70	-2.06729838929	2.23656716792	0.0986046947668
SCOTIN	-1.01296535676	2.73962572203	0.0970383638232
SCX	-2.53605290024	3.07793505626	0.0436415102382
SDCBP2	-1.78336626596	2.85120437851	0.0571102370928
SDHD	1.31898963875	-4.7442163834	0.0390816932949
SEC24D	1.95217147491	-6.20242764534	0.00727869078565
SEC61A	-1.34782402289	2.53614668346	0.0912564229777
SEC61B	1.02970006918	-5.43971966952	0.0068893755015
SEC8	-2.11327798675	6.05429974931	0.00419443716521
SEPP1	1.09159785413	-5.47999160099	0.0054274050011
SEPT6	-1.0593627819	2.72308442365	0.0532724647698
SEPT7	-2.1271119179	6.36445827341	0.00849768918623
SESN1	-1.39507867179	2.5919827693	0.0735836884536
SETBP1	-2.92645676364	3.28739517493	0.0440562321119
SFRP1	5.49185309633	-8.3152184062	0.0141564271139
SFXN2	1.63150508666	-4.24160526534	0.0436903089997
SGCE	2.55325364099	-8.85437744847	0.00172406244838
SGSM2	-1.89877794982	3.21754539187	0.0334995715987
SGTB	-2.767553914	3.0052542984	0.0755570599441
SH2D2A	-1.78494586742	2.97963493693	0.0498112067836
SIDT1	-1.60049514962	4.22678800052	0.0379572113801
SIX4	1.4912480659	-2.83335041328	0.0498364038586
SKI	-1.20060520156	4.50582223041	0.0182727184233
SLAMF6	-1.77311459764	2.53372555071	0.0720744597711
SLAMF7	-1.52074048087	2.69425631624	0.079205171285
SLC10A7	-1.1640095112	5.60617755129	0.00691698501095
SLC25A30	-1.03866510932	2.51215670749	0.0715725333156
SLC25A32	1.9161684092	-2.56974151007	0.0815847057667
SLC25A4	-1.98073414047	2.54769231445	0.0794900451612
SLC33A1	6.13613668799	-2.96779675678	0.0972548730035
SLC37A4	2.61787712319	-6.31200669925	0.00520236809098
SLC38A1	-1.79723070478	4.69049061903	0.0245673222955
SLC40A1	1.8748539922	-10.6480903718	0.00136466655363
SLC5A4A	4.92283213948	-3.44634597995	0.0748623062314
SLC7A8	1.65686705529	-2.7893358338	0.0900765831707
SLC8A1	1.32578483397	-3.26793767089	0.076360589152
SLCO1A5	-1.65559804331	2.38230327603	0.0778766609268
SLMO1	1.57008922424	-2.44353135463	0.08622578356
SLU7	-1.37994023637	3.21684859858	0.0678927679752
SMAD2	2.60295366176	-5.75553096642	0.0152263057084
SMC3	1.06169232241	-3.03405330409	0.043753590966
SMYD2	1.02536878529	-4.36996199566	0.0284367334722
SMYD3	-1.32761920697	2.54080136228	0.0922647084319
SNF1LK	-2.59398193643	9.59051892523	0.00425664037007
SNF1LK2	-1.60975943219	7.1523348311	0.0179350817504
SNN	-1.0086450401	2.82476963816	0.0910790321163
SNORA65	-1.10289246491	3.30345014617	0.0351742644314
SNPH	-2.97124100702	3.81693142685	0.0385786164154
SNRPB2	-2.08557573171	3.36009735533	0.0376016969165
SNTA1	1.93763411904	-4.82211024892	0.0196212530731
SNTG2	-5.38082178394	3.21052631579	0.0848512762476
SNX1	1.07342859606	-2.83899457115	0.0650841118541
SNX24	1.91744619066	-6.98418120926	0.00331844497362
SNX29	-2.08710471911	3.91879073764	0.058999124212
SNX8	-1.12849915654	3.11341965741	0.043293391692
SOCS3	-1.4198923637	2.73335919219	0.0684763207824
SOCS5	-1.88704318409	3.8918601701	0.0554302696427
SOHLH2	2.39689015257	-3.67065174193	0.0410356236692
SP7	6.17658873172	-3.39896701825	0.0767281314044
SP8	-1.15231805798	3.1304951685	0.0493509861929
SPATA6	-1.21798830388	2.90825836337	0.0471247497797
SPERT	2.4780472968	-3.26326806579	0.0500718210756
SPINT1	1.80970038679	-3.08492599402	0.0760421913637
SPNB2	-1.59774676728	2.80974318781	0.0694326852595
SPRYD3	4.1179972094	-6.09556915331	0.0221359589144
SPTLC2	1.92216585995	-2.70356871924	0.086642336228
SRL	1.30415339316	-2.55411235714	0.0806084546499
SRP9	1.52264066353	-2.78509453257	0.0948998141925
SRRD	-1.17726263471	3.93405968355	0.0429448449914
SRRM1	-1.20404157591	3.82638294026	0.026335448194
SSB	-1.39714734038	3.37118152357	0.0332659320814
SSH2	-1.29335894269	3.90901650326	0.0179679052047
ST6GALNAC6	1.2074884144	-3.79826661364	0.032780297342
STAB2	1.53428962869	-2.4172496	0.0808399673959
STAC2	-1.89664945277	4.71510247202	0.0110867312588
STAT4	-1.49403615753	3.79395764531	0.056661290766
STOML2	1.33279404523	-2.7344449569	0.0692201557995
STX1A	-1.7657913053	3.89228546667	0.0276532329258
SV2B	-6.18982455888	6.53645735282	0.022614428548
SVIL	2.32192809489	-3.89711431703	0.0323283447968
SYT5	-2.07038932789	2.67859812073	0.0865440222469
TAS2R114	-2.56634682255	3.18411900867	0.0459113742735
TASP1	-2.60090404459	3.59105999124	0.0634554531122
TBC1D4	-2.35701055404	4.19982224341	0.0174123898865
TBN-PENDING	-1.80792257701	2.9701129146	0.0587006535067
TBXA2R	1.48919443371	-3.69325687538	0.0609633393613
TCAP	2.07038932789	-2.72927300144	0.0652041026931
TCF12	-1.40190116993	6.99724199531	0.00455060568339
TCF21	-2.67974072547	3.34946971451	0.0544440035956
TCF7L2	1.15064141799	-2.46938480378	0.0987708239596
TCFEB	-1.64769825607	8.38627869378	0.00601539566827
TCFEC	2.52210247688	-2.35810575403	0.0992010102602
TCP11	-1.39607222094	4.47180344182	0.0430838668955
TCRG	-1.8223570854	6.60400660401	0.00309840637805
TEC	-1.09070559159	2.95999928269	0.0872452093097
TEF3	1.17487421741	-6.50262184885	0.00322810159133
TFB1M	1.89265459031	-2.4107946134	0.0776570034583
TFIP11	-1.01866178957	4.73526701881	0.0305119112206
TGFBR2	-1.2835523734	2.89603693455	0.0537216317066
TGIF1	-1.76819917962	2.74542277155	0.0660544118473
TGIF2	-2.43295940728	3.33196749965	0.0625813681982
THAP6	-2.56293619439	3.16498120075	0.0814538826179
THBS3	-1.19387973359	2.60308924542	0.0618868321265
THEM2	1.21202683432	-3.6222773275	0.0236843468372
THNSL1	-1.22239242134	5.91064332492	0.0139771070231
TIPARP	-1.94410879911	4.55214680666	0.0197735944189
TLR4	1.81628804683	-3.55151418582	0.0544833229858
TMEM126B	1.21493276128	-2.59607115266	0.0640942063977
TMEM129	1.39127891933	-3.54922594032	0.0256947466373
TMEM14C	1.21979494831	-2.82460417292	0.0476491489522
TMEM154	1.6628233957	-4.99713907758	0.00793091188641
TMEM158	-2.29202660917	2.87252999487	0.0676678175224
TMEM159	1.95274771738	-2.88599994611	0.097016495971
TMEM161B	-2.24597924165	2.25821202085	0.0965029397567
TMEM171	4.75488750216	-4.04411160945	0.0560524872356
TMEM186	1.03668602422	-3.30772715638	0.0585327170225
TMEM23	-1.88324290984	4.71475586927	0.0163480991844
TMEM32	1.00048049794	-3.69025061272	0.0660125448903
TMEM55A	1.15135982455	-2.96915735536	0.0457541934657
TMEM70	1.30104773177	-4.47921670272	0.0450397833891
TMEM87B	-1.68247583656	4.76669423578	0.0374440081876
TMIGD1	5.49185309633	-3.13222138598	0.0885925085009
TMPRSS11A	-3.41608558871	10.64220581	0.00413480278655
TNFRSF25	-1.90380810645	3.28174397657	0.0490000107599
TNFRSF4	-3.76685655361	8.05490944236	0.0148598169478
TNFSF8	-2.15726176618	3.03069757777	0.0586299133157
TNRC18	-1.40987579416	3.06825342898	0.0844586834169
TNS3	1.20565994593	-3.06556556305	0.0828475489565
TOB2	-1.69073354006	6.9707415557	0.00291058340893
TOMM70A	1.84237036319	-4.12145573334	0.0152167012224
TOP3B	-1.02661927293	3.35214490011	0.0676324706682
TOR1AIP2	2.53076021913	-3.78001512009	0.0206713921967
TOX	-1.00399749505	2.61648714963	0.0670515776518
TRAF3IP2	-1.24242701245	3.27081953799	0.0756199819981
TRAF4	-1.42033616037	2.82259851541	0.0493765524922
TRAT1	-1.47956897532	2.39941211182	0.0752906134171
TRAV6D-3_AF259073_T_CELL_RECEPTOR_ALPHA_VARIABLE_6D-3_12	-1.35298679911	2.36169229175	0.0953846774651
TRF	1.25222916375	-7.79550744126	0.0148426948511
TRIB2	-1.30409369607	3.64418120867	0.0587148111248
TRIM36	-3.05296276584	6.41398587475	0.0128250083101
TRIM59	1.34041845208	-4.92654312047	0.00905324964366
TRIM7	-3.23986524138	6.61308919957	0.0063031556474
TRP53BP2	-1.04304447471	2.53900906988	0.0643726125382
TRP53I11	-1.44827382875	4.78583238494	0.035492314682
TRP53INP2	-1.48897589425	2.43468869875	0.0796999729033
TRRP4AP-PENDING	-2.05585323473	3.45918537833	0.0522691216738
TSC22D3	-1.09339469157	2.76288065099	0.0802696745214
TSPAN4	1.21980578677	-3.1916709374	0.077845929962
TSPAN6	1.50327870313	-2.2021944791	0.0982410070092
TTC22	-4.24792751344	7.11512473538	0.0109463090604
TTC23	2.38956681176	-2.40660602869	0.0899910913204
TTC28	-1.64690408413	5.58375649211	0.01636251686
TTC9C	1.20976935839	-4.34457602732	0.0153195223204
TTLL11	4.98489310761	-3.16677059778	0.0869132875977
TXNDC9	-1.50918967177	4.82850132931	0.0378914452733
UCN	1.72731542413	-2.1591824762	0.0970764203036
UHRF1	1.35934553209	-2.63097646168	0.0889885032013
UNC45A	-1.35980943462	2.98604900494	0.044366468816
UNC5B	1.99230560821	-2.77132653863	0.0922973401778
USH2A	-1.30061017924	3.2708903192	0.0307678665024
USP49	4.89077093025	-8.1262361697	0.014807798173
USP53	-2.41438865958	3.17422966809	0.0624916130474
USP9X	-2.59960927669	7.84244859722	0.00748360135954
UTRN	-1.13750352375	3.2582704815	0.0550959775769
UTX	-1.35123685515	5.7224404164	0.00485648582884
V1RI4	-3.12501257957	6.44487578166	0.00313067259469
VAMP2	-1.2008151062	3.20838529534	0.0450127694753
VANGL2	1.35201282043	-2.57518522584	0.086178607162
VGF	-2.57531233069	4.38406204336	0.0424866284756
VNN3	3.86144762485	-3.36309451272	0.0673853398107
VPS13A	-1.03902289893	4.93037873478	0.012967897759
VPS37B	-2.05621666276	2.99840957699	0.0657606963947
VPS39	-1.10891550034	4.66371117076	0.0194704556847
WDR38	-1.58496250072	2.96390549987	0.0796720422908
WDR42A	-4.39231742278	3.71521424704	0.0631915345777
WDR76	1.42786872432	-3.06109539075	0.0465947390875
WDR9	-1.33792703729	2.85663548458	0.0669594408888
WEE1	-2.25238716163	3.41121146169	0.0501047912717
WFDC8	-3.07240849553	3.33899332202	0.0540714178674
WFIKKN1	-1.3305505848	4.3416305805	0.0355754478298
WRB	1.18282439161	-6.95145191353	0.00230182323566
XIST	-2.87975941928	4.41999858221	0.0115845122944
XRCC3	2.7760248083	-5.13668448155	0.0150021931948
XYLT1	-1.98287120144	4.19980906521	0.0262270451197
YARS	-1.80452887798	2.66955165226	0.0577819263723
YBX1	-1.23104429159	2.45428796431	0.0923627565295
YBX3	-1.36651427109	3.32027513302	0.0307796115319
YSK4	-3.58131472371	7.08850707239	0.00395600350558
ZAP70	-1.06673458153	3.0725226357	0.0823316775161
ZBTB11	-1.58496250072	3.98227203566	0.0222535820351
ZBTB43	-2.14759791433	7.5940561704	0.00203558134373
ZBTB45	1.51193415769	-3.62125907518	0.0479164881492
ZC3H10	-1.1709109441	7.06810234953	0.015598381631
ZC3H12A	-1.63083969171	4.07853501252	0.0208344476441
ZC3H12D	-1.1461445076	3.20312780989	0.0467541134752
ZCCHC11	-6.27922364393	3.10470817115	0.089963147062
ZFP235	2.23848369809	-3.06470117972	0.0376788247851
ZFP288	-1.91141971408	2.70208989692	0.0928675456112
ZFP3	1.04631166671	-2.71607911756	0.0902053707697
ZFP324	-1.72815713655	2.37955708766	0.0907786286548
ZFP35	2.25815218445	-3.88640549443	0.0180275075538
ZFP367	2.20119970678	-2.9601411443	0.081970059728
ZFP385A	1.68133856195	-3.66371137852	0.0249719016798
ZFP423	4.92283213948	-3.90436864143	0.0597775450245
ZFP467	1.12852549787	-4.99150497858	0.00976943544705
ZFP553	1.37334066775	-4.17321502502	0.0217586136569
ZFP608	-1.0162136863	2.61909458284	0.088995966637
ZFP609	-3.7725895039	3.70254787403	0.0585457316539
ZFP612	-2.27959659718	4.02142084934	0.0165211070909
ZFP623	1.15815595267	-3.10931619457	0.0804321249696
ZFP637	1.16566694697	-5.06416769266	0.0171480032885
ZFP790	1.805002062	-2.30894327101	0.0871847687667
ZFYVE21	2.23487834355	-3.03873444988	0.0924990369279
ZIC5	-5.47031993478	5.63621480191	0.030066791089
ZMIZ1	-1.4616460397	3.48813287315	0.0698591600416
ZMYM5	-1.06534130057	3.47699059602	0.0386561190034
ZNF24	-2.82966508378	3.36134480694	0.0614039135579
ZNFN1A3	-1.7911911088	6.23230769262	0.0217774192019
ZPLD1	-2.1271119179	2.59554273809	0.0717768840326
ZRSR2	-1.48403009486	3.14857088142	0.0547335506886
