	exp	t-stat	p-value
IFNA12	-0.000100091042618	-3.00668868853	0.0908085756523
LRFN3	0.000100123985921	3.33515208598	0.0349426421595
MAP3K2	-0.000100658071275	3.11701034579	0.0390902259281
1810043H04RIK	-0.000100668767886	4.05403996289	0.0154558820301
AI451617	-0.00010095502253	4.02562239293	0.028427218064
TMEM16B	-0.000101053966129	2.70263127486	0.0717900288271
1700007B14RIK	-0.000101156611553	2.37170891204	0.0898632282242
PLEKHB1	-0.000101239635757	-3.16793637807	0.0422268836096
5830448L21RIK	0.000101455108293	-3.95628284037	0.048359904894
0610013E23RIK	0.00010147191525	6.65482989515	0.00483592712792
LOC631965	0.000101580248954	3.77181666909	0.0199925247588
2700016E08RIK	0.000101699422506	2.82517748816	0.0935005840902
LOC381471	-0.000101942727998	-7.11188774999	0.0192034043891
LRRC29	-0.00010245504837	-2.50864446262	0.0694285575082
AYTL1B	-0.000102543476528	2.79887195322	0.0505683097747
LRRC8	0.000102577862509	5.63869724506	0.0120508018182
CPO	0.000102581692451	-2.65855877923	0.0634120727307
OAF	-0.000102602808506	2.78573835576	0.06790388727
1700009P03RIK	0.000102805680125	2.82178751918	0.0762433225
OLFR1195	-0.000102901283996	3.10426836544	0.0414595613584
LOC384417	-0.000103069768604	6.20295116212	0.0250185955476
9530031D18RIK	-0.000103082093451	-2.49929879465	0.0922170161955
SLC2A6	0.000103123555325	2.92958470907	0.0994400942859
LOC675815	0.000103171239311	2.97977777076	0.0487575238374
LOC675594	0.000103222304579	4.31310246576	0.0493646008936
2810402K13RIK	0.000103225880239	3.61776484658	0.0431814331405
MLLT1	0.000103289878041	5.63134242329	0.0129034221243
A030007I19RIK	0.000103303096417	-4.76147688489	0.00961920078165
EIF2B1	0.000103408670304	3.05044874526	0.0427008125157
LOC385679	-0.000103421698744	6.15906116026	0.00636354747838
B230217N24RIK	-0.000103773476191	-3.59066249359	0.0275589269569
EXDL1	0.000104022225274	5.62439185902	0.0117189823149
FKBP15	-0.000104294974305	-3.27811305666	0.0577397947661
5730577I03RIK	0.000104344204402	3.58539040817	0.0398799207383
EG384770	-0.000104441042123	4.3276073538	0.0151455719536
E530018B05RIK	-0.000104704651197	2.92058155558	0.0789646986985
LOC100048534	0.00010491948567	5.1534352365	0.0148706469274
SNW1	-0.000105075391714	4.43047669656	0.0428369066882
EML3	0.000105325062636	3.89090700663	0.054554297523
SLC25A15	0.000105327219697	-3.78907768023	0.0388505839758
AW049900	0.000105354833639	4.94690363426	0.00777949317001
MEP1B	-0.000105653754881	-3.32595052619	0.0306032179977
1010001N08RIK	0.000105857764314	3.87634969482	0.0496769180428
EG547447	-0.000105866324108	2.25320702564	0.0976869003149
HNF4A	-0.000106158164583	2.59224459832	0.0613880557973
2700078E11RIK	-0.000106324530826	6.89271454088	0.00239971416522
LOC100043972	-0.000106565024397	-2.92922466582	0.0642696312222
2310057M21RIK	0.000106960304198	10.6870574982	0.00300278139494
TCFAP2E	-0.00010708014715	4.54210476675	0.0365211272253
LOC236914	0.000107115294569	2.98959160442	0.0764118699043
4930588G05RIK	0.000107206336368	4.0249223595	0.0429321311198
A230091C07RIK	-0.000107308376458	3.2474644116	0.0723200759905
2210412E05RIK	0.000107732660145	3.03496642273	0.0405947047754
TTC37	-0.000107857994207	-14.2305867794	0.000149434089013
A930021K20RIK	0.000107860715797	3.19234753787	0.0347486680243
WDSUB1	0.000107908020096	3.66868500645	0.0236898395825
1700125D06RIK	-0.000107930107254	4.73180461561	0.013120872759
ZFP383	0.000108004405445	3.89293373814	0.0333303347272
4930550C14RIK	-0.000108160217048	-4.01826154676	0.0260352881192
BC026996	-0.000108243812867	3.45335240129	0.0434708982146
GNA12	-0.00010826807234	-2.71002994358	0.0591191492897
ADAMTS2	0.00010829314767	-2.70099117834	0.0542153836484
LRRC10	0.000108648572775	-2.46969584977	0.0929054426665
GM1604B	0.000109209957503	3.02046209043	0.0734364145553
KCNQ3	0.000110547391129	-2.19293496564	0.0958567767201
LOC382630	-0.000110883823608	2.96348274251	0.07946208582
C430048N08RIK	-0.000111018422492	-3.80847269725	0.0519616679974
C630026L07RIK	-0.00011129466672	3.12730566674	0.0757869829688
OPN3	0.000111352413583	2.76503721664	0.0654390719181
RAB39B	-0.000111990156491	-8.0882232189	0.0149442004487
TRAV6D-3_AF259073_T_CELL_RECEPTOR_ALPHA_VARIABLE_6D-3_12	-0.000112432873167	6.2596983577	0.00948988580204
AQR	0.000112595201912	-2.61124975388	0.0598167383743
B130005I07RIK	-0.00011265910733	3.71231060123	0.0311076642303
4930573I19RIK	0.000113190136521	2.62116068587	0.0594520199303
PLOD1	-0.000113301404675	2.71866176191	0.0933019759732
ANGPT2	0.000114258922585	2.57082021527	0.0981462226928
LYSMD4	0.000115005863836	-2.55884702171	0.0661644766661
CD300LG	0.000116047383602	3.06316482146	0.0783699535703
LOC384017	0.000116199524756	3.85686031262	0.0418404523694
P4HA2	-0.000116711912181	7.03144199084	0.0120417811594
LOC327836	0.000116995696589	-2.33399348698	0.088772572994
1500032P08RIK	-0.000117179173067	-2.51111300478	0.090135754841
SOX5	0.000117329366922	4.29058165161	0.0452194838285
ZFP296	-0.00011766611313	-2.82967483346	0.0511119734397
2310040B03RIK	0.000118415783229	2.60960049194	0.0868473575047
A630013A09RIK	0.000118625622501	3.69975849587	0.0634662437361
LOC329032	0.000119797459455	4.20291757343	0.0420377766665
LOC100041416	-0.000119950932277	3.58853500273	0.0346875888834
MEPE	0.000120118184569	-3.05060675119	0.0469763884463
USP12	0.000120439983419	2.78685200857	0.0954205413717
LOC382701	-0.000120618599835	-4.68905622937	0.0163101709422
PIBF1	-0.000120892299132	2.98676955599	0.0681759059967
TAS2R106	0.000120943129034	-2.96732250396	0.0698488227484
CXCL15	0.000121071362216	-3.3001145893	0.043102617661
HGFAC	0.000121386942615	-2.99237609949	0.0913036980066
LOC210535	0.000121548706617	-3.44674245586	0.0261659274016
FHL3	0.000122065104386	2.77783540369	0.0866092966751
BPTF	0.000125204370224	3.28445904722	0.0693488538913
MEMO1	0.000126356102319	3.56928645884	0.0641352571139
EAPP	0.000126594220763	2.23226624643	0.0926402307676
LOC668164	0.000127767054274	-3.17013490278	0.0653918060998
C130007P11RIK	-0.000127880810361	3.59187656902	0.0246985530824
D330014H01RIK	-0.000127999496875	-3.33397429735	0.0773402622201
PRMT1	-0.00012801018573	4.9097937704	0.0141388624615
GPR49, FEX, GPCR	0.000128978802871	-4.65728704083	0.038563025328
SLC25A29	0.00012914521175	2.68133113961	0.0568305062032
LOC383813	0.000130003851945	3.86052713043	0.0294851407685
4631410M14RIK	0.000130670602331	-2.89450890795	0.0781193260267
RNF20	0.000130856813607	-3.41506231311	0.0549212674283
UNC93A	-0.000131560867576	6.19236306371	0.0113201327522
ITGAM	0.000131963580377	2.94911316822	0.078334414598
4833426L05RIK	0.000132136219826	5.32407218967	0.00825377139012
KCTD14	0.000132617690863	2.9405001279	0.0817214456949
G430008M12RIK	-0.000132780654531	-4.79622792217	0.00999628925085
D930001I22RIK	0.000133326624996	2.98481002898	0.0845391238634
POSH-PENDING	0.000134095755428	9.42990333583	0.0110594638226
ZMIZ2	-0.000134185589634	4.82811346301	0.0403219437671
KLRA19	0.000134833501738	2.74594509727	0.0616598154504
LOC381160	-0.000135048215159	3.38208612968	0.0493411648169
BC106179	-0.000135093797554	-6.29748151099	0.00343551553836
DNAJC4	0.000136253022803	2.42730871846	0.0964075396786
LOC625123	0.000136388301005	3.52709717867	0.0718298536391
MAP3K5	-0.000136420097783	3.36697209372	0.0281434241312
TCSTV3	0.000136452474531	3.4698895918	0.0302171097943
CAMK2B	-0.000136758490029	3.20251425617	0.063799237482
EYA3	0.000137054749767	2.47049202249	0.0820063854748
4922502D21RIK	-0.000137219771834	6.34928187134	0.00319549672272
LOC100043308	-0.00013767497104	2.34502614706	0.079815354313
DHRS13	0.000138116780614	3.48776055431	0.0304837299088
6230409E13RIK	0.000138714814303	-3.17521652805	0.0516678312851
UBE2E1	0.000139229664644	4.8271207661	0.00854286909875
TNF	0.000139430378607	2.92958470907	0.0474805533437
C230081A13RIK	-0.000140650027323	-7.43745626946	0.00606235362211
LOC100047052	0.000140696890755	-3.45581758188	0.0259584096792
PLEKHG5	-0.000141048202731	-3.1395466344	0.0449720920405
EPM2AIP1	-0.000141288568256	3.74165738677	0.051600192959
PROSC	-0.000141879878815	5.02254287012	0.0205665239364
ACYP2	0.00014249408966	3.03869079147	0.0414574468771
BC050777	0.000142622452906	3.2708136265	0.033930744981
9530084K20RIK	-0.000143429046027	-2.15634593332	0.0993182141128
9130005N14RIK	0.000143512680652	-3.76033059809	0.0380458340599
G6PC3	0.000143647780737	2.87252999487	0.0715706297579
BCL7C	0.000143729116168	-2.49727123804	0.0690797136985
GLOXD1	0.000143745477637	3.11720269926	0.036262689048
WDR23	-0.000143762326966	-5.06439447388	0.0147931302671
WBSCR16	-0.000143839914689	2.375	0.0766409642332
LOC100046781	0.000144145509432	-2.33870844604	0.0817624935324
RUFY4	0.000144529464982	-4.57261848168	0.0191252809007
E130202I16RIK	-0.000145042672314	4.01560565053	0.0212331500961
LOC385935	-0.000145180647695	-2.65424789108	0.0705868732558
ZFP606	0.000145517256728	3.91287196447	0.0237388758114
B930030B22RIK	0.000145555539925	2.39456571305	0.0748623466958
E430024F02RIK	0.000145930603595	-2.74457049082	0.0856123486278
LOC209033	0.000146984966982	-2.76894856707	0.0829637465965
1300010F03RIK	-0.000147828590048	-2.26648639978	0.0910683575775
TRRP5	-0.000148352578886	3.36463292455	0.0289951847316
MDGA1	0.000148429239516	6.35660825688	0.00318809572918
4930540L03RIK	0.000148606355761	2.48895717397	0.0978576028592
ZCCHC8	0.000149633889727	-3.03488489333	0.0935805363236
LOC380831	0.000150356406612	-2.76088142017	0.0691017583689
BC053749	0.000150689958381	6.47122687372	0.0230569101422
PHF12	-0.000153016262284	-6.15854357874	0.00774972475108
1500005I02RIK	0.000153935161928	3.60028128296	0.0376852709085
E230026L19RIK	0.000154073619677	2.51308681076	0.0732411674038
PLEKHB2	0.00015569508836	-2.46259140656	0.0717861946877
KIF3A	-0.00015652435651	4.1229693674	0.0187634670002
LOC100047273	-0.000156786141153	5.77595897905	0.0062091569304
CNKSR3	-0.000156900925499	-3.7811413228	0.0559212290321
ST3GAL4	0.000157474216646	2.79011644944	0.0905865889228
STX19	-0.000158379472039	-4.25472227025	0.0147612735303
9430034D17RIK	-0.00016005505387	-2.95156023086	0.0910689778225
A630032F01RIK	-0.000160413483406	-5.48048485863	0.0133256738501
PLTP	-0.00016096484838	2.52795135107	0.0769064652192
MAK16	-0.00016127027655	2.32016757371	0.0857897580069
1700019H03RIK	-0.000161481554567	-5.10997476562	0.0162853271707
RPUSD3	0.000165017674506	-2.8927095594	0.0530016540939
9530025L16RIK	-0.000165281477403	4.11203729635	0.0324576799424
LRRC4	0.000165300440605	-3.80204243944	0.0238842943514
8430419L09RIK	-0.000165379213725	2.61206397869	0.0824003573324
BC094274	0.000165784648975	-3.84460945973	0.0339806946104
5832402A02RIK	0.000168519325856	-2.9767765684	0.0550410156827
4930430F08RIK	0.000169663079689	-2.83752117164	0.0913107310694
DOK2	0.000169875395464	2.56429177902	0.0623569279239
TRBV6_AE000663_T_CELL_RECEPTOR_BETA_VARIABLE_6_11	0.00017093527562	2.18484638339	0.0948160755102
SCL0003723.1_3	0.000172220779997	-3.96545277677	0.0562584941796
LOC332788	-0.000172680894488	5.66666666667	0.0297587525899
TMEM184C	0.000173656879139	-4.27300305793	0.0463814140522
SCL0001132.1_96	0.000173827872491	-3.44634597995	0.0748623062314
PEX3	-0.000173834638737	-2.57669250441	0.0836704973326
A630099L06RIK	-0.000174258339798	11.0227038425	0.00317378621312
ACOT11	0.000175511363305	2.61072782546	0.0696845232121
TUBA3B	0.000175554563422	-2.34785610681	0.0789915376481
PCBP3	-0.000178060845516	-5.05914500855	0.0228728249488
A730098P11RIK	-0.00017810453063	-5.6291651246	0.0301387739611
D630023B12RIK	-0.000179838253245	-2.68378715394	0.0832159332778
C430048L16RIK	0.000179840213013	2.67163567671	0.0851771584823
ZFP280C	0.000179878490312	2.60757661937	0.0761985420775
SUMF2	0.000179971055986	4.45523390875	0.0421369671879
STK38L	-0.000181275372911	2.7299157934	0.0806341639887
AMBRA1	-0.000181619285256	-5.81753813911	0.0244478505462
TIMP3	0.000182335962545	-2.3366348421	0.0995444971372
1700003B17RIK	-0.000182572840588	-4.1	0.054656899383
ZFP646	0.000182830471528	-8.64692030547	0.0131120145672
UBE2N	0.000183569834209	-5.50093391822	0.0146991913349
ODF2	-0.000184582725872	-4.01396164803	0.0361148195124
APC2	0.000184954335021	2.54270836976	0.0899260194623
ATG4B	-0.000186699673726	2.78899428406	0.0752511741769
TSPAN7	0.000189008185499	4.1502867832	0.0525729210342
PTRH2	0.00018974648747	2.61292237123	0.080890871439
ZFP825	0.000190218865084	-4.30345036446	0.0459287561043
MSL2	-0.000191131627174	2.4794235184	0.0692768954554
RAD9B	-0.000191639891878	3.04027025826	0.048150418862
LOC100046080	-0.000192185132241	2.46328183965	0.0728071050536
ENAH	-0.000192376116847	-3.02166907651	0.0819860821958
LOC278041	-0.000193653553797	3.38329189777	0.0704890314039
GJB2	-0.000195329022025	-3.81506978124	0.0593799761986
SCL000179.1_19	0.00019563538277	-2.71330864363	0.0540811163024
RAP2B	0.000197340962951	4.06241075575	0.0209255067791
ST5	-0.000197747594674	2.92510683566	0.0940199676663
FLYWCH2	-0.000198626586178	5.08	0.0204857195035
CSAD	0.000200285698734	-16.6304368124	0.00359620995276
A430090G16RIK	0.000203197426268	5.26361163809	0.0159258750307
GOLGA4	-0.000203749385543	4.17574058408	0.0282687135939
SETD4	-0.000203955383316	-3.57239769853	0.0666246548191
EIF3S10	0.000204618356872	-2.94219906673	0.093690302371
AFG3L2	0.000204824348274	3.69239797651	0.0620056485707
GRAP2	-0.000208781041577	-3.41209113114	0.0277227691283
B230205C01RIK	-0.000209055336238	3.33812528977	0.0331653946363
ZMAT1	-0.000209155372001	-4.05928233481	0.0161695887308
LOC100046844	0.000211562966365	2.57091327747	0.0920988821499
PRKCDBP	0.00021162578501	-3.65313563142	0.0224609341948
HNRPAB	-0.000212267162795	-2.76912185497	0.0735994271766
ANKRD54	0.000212312475289	-4.58257569496	0.0444669140941
SRISNF2L	0.000212437632507	-2.37915777391	0.0761783411542
A930004K21RIK	0.000212776349323	2.3708874428	0.0807720495497
CXCL9	-0.000213067065043	2.44823255521	0.0837210823992
RNF168	0.000213324076744	-2.57855311565	0.0801892840352
CHRNB1	-0.000213477606989	-3.37565003285	0.0287764577432
1810049H19RIK	-0.00021521415349	-2.86306490906	0.082442849192
LOC384344	-0.000215255039277	-3.46410161514	0.0741799002274
PICK1	-0.000220320818787	-3.30203607376	0.0448806914603
LRP1	0.00022327672912	-2.76006899349	0.0767264120675
PITPNA	-0.000224359482696	2.40606662969	0.093662262526
SLC19A1	0.000225152135701	2.81773812088	0.0734923727179
TCTN3	-0.0002252017994	2.51679291467	0.0682642933234
PPIL2	-0.000225993217444	3.10073737198	0.06352035732
E330027P06RIK	-0.000228407775929	3.94313433005	0.0269507427255
B930059J09RIK	0.000229970277555	5.23285945399	0.0138586193907
TMEM1	0.000230467508161	2.96245158661	0.0975564105536
2900024O10RIK	0.000231474979161	3.06017593788	0.0609330657957
ZAN	-0.000231885159769	3.17216054271	0.0752247977086
PEPD	-0.000232229339494	-2.21949011344	0.0945081219387
4432416J03RIK	0.000232610210596	-3.17886750696	0.045175990326
TCERG1	-0.000232901083903	4.05016146264	0.0154910484918
9130404D08RIK	-0.000233390557678	-2.99910860197	0.0877999228959
ADM	0.000233600244208	-3.23646301921	0.0326483961639
BC016423	-0.000235348800437	-3.61765995595	0.0686356172117
HES5	0.000236443923323	3.40712452087	0.0621274074504
9330174H21RIK	-0.000237283105271	2.81620704282	0.0549110553046
9430091F09RIK	0.000237286848836	-5.13691168778	0.0110808023467
EHBP1L1	0.000237417934915	-3.53215983857	0.0285379760931
BACE1	0.000237589684601	-3.89518323926	0.0221922851576
ART4	-0.000237792521263	-2.71440305751	0.0792507634465
R3HCC1	0.000237959445068	2.52001194536	0.0796507476542
A330081F11RIK	-0.000238337936934	3.14490237669	0.067187898608
BC030183	0.000239086607602	3.89343789964	0.0249464368067
BC031353	-0.000239418064203	2.58456062328	0.0808127239258
IREB2	-0.000239692498618	-2.50245119757	0.0703434397689
TAPBP	0.000240885459373	-4.64914182444	0.0267014949872
LYAR	0.000241396298897	4.62992800106	0.0431254014429
ZKSCAN17	0.000241714421729	-3.03640148234	0.0795782015077
AIFM1	0.000244476261859	2.16793469801	0.0960322643537
E130106L15RIK	-0.000245584995936	4.0249223595	0.0285957840782
9430067P06RIK	-0.00024713241139	-4.29058165161	0.0443908327465
BTG4	0.000248848563169	8.02642693929	0.00793311133456
4833426J09RIK	-0.000251810362196	2.87091526711	0.0737217952465
ANAPC2	0.000252883114473	5.88059824228	0.0253487160822
TRP53INP1	0.00025343394468	5.14976594475	0.00703405103791
TRPC2	-0.000253538595506	-3.42085955184	0.0710103534425
SESN2	-0.00025394267363	6.73965389827	0.00601299237275
F730015K02RIK	-0.000253981081491	2.4345080136	0.0801642994138
LOC630408	-0.000254099420812	2.69601437224	0.0826905073732
D230021E06RIK	-0.000254126263267	3.3551143667	0.0741500865973
5031428M13RIK	-0.000254364932489	-2.81230755463	0.0536464557437
HSPA1L	0.000254398008737	-5.22634893725	0.00640018600121
SP8	-0.000254856977278	4.30754957469	0.012614103437
COL16A1	0.000255388179008	-4.91947349949	0.0176370856733
9030625A04RIK	0.000255432767001	3.44468389559	0.0291435928377
CTTNBP2NL	0.000256076052807	-2.28150627699	0.0863596690825
A430078G23RIK	-0.000256654235726	3.26416923062	0.0681186678627
1500003O03RIK	-0.000257615298265	-2.746418804	0.0748865431019
TMUB1	0.000258386758005	3.47705552179	0.0268937791421
8430410K20RIK	0.000258507120789	2.66617456073	0.0593370258241
E130207H16RIK	-0.000258932926229	3.89228558783	0.0181459319967
D130047L08RIK	-0.000259405240441	2.9635137105	0.0909336201641
SMARCAL1	0.000259424780087	2.78270798851	0.0534505592505
8430410A17RIK	-0.00026009171168	3.10854499474	0.061073369905
PGRMC1	-0.000260486030028	3.70947193593	0.0206981227481
PNPLA6	0.000261066237092	2.55974971915	0.063082459692
TMEM135	-0.000262190951396	2.59994622028	0.0756242429474
PRR12	0.000262638371725	-4.57720111724	0.0150871153601
B430201A12RIK	-0.000263101928826	-2.31753032	0.0984062736206
PPP1R16B	-0.000264543975909	-3.16627402144	0.0472546802241
LASS4	-0.000264983081244	-2.96385824834	0.0706613020757
LOC383775	-0.000265039498373	5.71671265426	0.00478202856316
LOC100047749	-0.000266359047038	-14.2286981891	0.00355399455752
MAP3K6	0.000267121277813	-2.63902249301	0.0936925191187
A730042J05RIK	-0.000267510323302	-3.09365144726	0.0617296423664
MKI67	0.000267911860821	3.29976064555	0.0492126129267
SLC25A4	-0.000268217892317	4.59847936291	0.0106199923127
EG622320	0.000268700267975	2.71607238128	0.073685319819
BC011248	-0.000269045137459	-3.6052143193	0.04924671392
COQ7	0.000270998573141	-4.40199114778	0.0232187889262
PPP2R5D	0.000271062427918	-3.32904720069	0.0318296120658
CTDP1	-0.000272409697995	-7.11661585647	0.0181539514652
SLC10A7	-0.000275572316032	3.28384537138	0.0590041101898
PNPLA1	0.000276511290156	2.41617506053	0.0842212977777
SCL0004085.1_27	-0.000278163018822	2.89059733954	0.0499951274629
RPS15A	-0.000279367465906	-2.42473674481	0.0940164295088
RREB1	0.000279765044682	-4.67059235961	0.042912064637
CKAP2	0.000280278542225	-4.06894229386	0.0554261050774
RNF216	-0.000280715964679	-2.85714285714	0.0990651407786
2310040G24RIK	0.000282536037293	2.46653580608	0.0731843682218
LOC100048803	0.00028261562642	-2.66141473313	0.0698258602344
C330011F01RIK	0.000283251481056	-3.15537833818	0.0758085698247
GPR132	-0.000284068004552	2.49451772596	0.0854149301499
APLF	0.000284626869106	-3.82670001745	0.0547137477111
SNF8	0.000285906749336	2.68050048926	0.0698340100414
CEP78	0.00028698383774	3.31247690344	0.0533618692056
CCL27	0.000288118761204	-2.87931462536	0.0553915039062
KLRB1B	-0.000289040308114	2.87230045262	0.051665385712
9626958_317	0.000289199081959	-3.21144889495	0.0838843696404
HLCS	0.000290000827441	-2.95634024999	0.0865551994424
NRN1	-0.000290469649244	2.89847594275	0.0969961943454
4930455F23RIK	0.000291757493993	-2.85603491654	0.0934398450255
ZFP513	-0.000293239249296	-2.95863047407	0.0510078187543
ZFP467	0.000293537718074	-2.32394592098	0.0892009105318
LOC100048622	0.000294485250754	-2.39792122021	0.0913229928481
BTBD6	-0.000294835344807	2.57713810228	0.0619036141047
THRAP2	-0.000295367714538	-3.87940088722	0.0604808486387
PDLIM7	-0.000295544511203	-2.32074876673	0.0938784985651
PTGR2	0.0002972605405	-3.17923665131	0.0707984263006
A630006M12RIK	-0.000297528834649	-8.18864900612	0.00123549794811
SFXN2	0.000297566175906	-4.4757831611	0.0113126098298
PEA15	-0.000297615042888	-2.80921757103	0.0483565452044
A930005G04RIK	-0.000297675859961	-3.44163480334	0.0343324997905
RGS11	-0.000297699936476	-2.87379878881	0.0538102603352
NUPL2	0.000297764223404	-5.41116961326	0.0147395848127
9430038G21RIK	-0.00029780571479	-3.51341549227	0.0648395276787
SDC1	0.000297925548022	-3.8178791426	0.0229611264194
RRM2	0.000298567289923	-5.38828556134	0.00799306419548
MATK	0.000298975882985	-3.5812429336	0.0623296697994
NAT8L	0.000299073228408	2.27362376139	0.0923822565384
1810044D09RIK	0.000299139303733	-4.14598621094	0.0143086233293
EPB4.1L4B	0.000299276592109	-4.03985952094	0.0409095070297
KCNRG	-0.000299519264229	-2.84734563109	0.0479940946889
ADSS	-0.000299539869813	-3.4924925251	0.0671956342949
A130096D14RIK	-0.000300255418259	-3.40033780541	0.0332371152393
D330036A12RIK	-0.000300352402343	-4.66834634182	0.0246018610811
PPS	-0.000300898011544	-6.14639213462	0.00499176498873
POLE3	0.00030118587329	-2.96521875418	0.0958819464556
LOC100046250	0.000301547033817	-3.35557677797	0.060893862384
LOC674706	0.00030185347265	-3.02941468644	0.0478432390088
LOC100039590	-0.000302037089336	-3.84286622832	0.0494378933452
SOX4	0.000302208345026	-2.66446045145	0.0580230689417
2700007P21RIK	0.000302947268083	-2.88946141989	0.0477625625273
5730406F04RIK	-0.00030468952277	-3.67065174193	0.0245860960084
HCLS1	0.000306192115017	3.20533828923	0.0398999178926
SNX16	-0.000307053796691	3.24918216644	0.03219656015
B230339C08RIK	-0.000307571423166	2.71614636765	0.0693021455465
WBP7	-0.000307780261269	-4.63646435398	0.0113420444275
LOC381770	0.000308871869796	2.90909090909	0.0797971551391
ADD1	-0.000310809921394	-2.87825741089	0.0942035750474
1110013L07RIK	-0.000312240586362	-2.81795039431	0.0658763103898
AB112350	0.000313620221368	3.06777833729	0.0437464285772
NCOA4	-0.000314345389394	-3.98480309321	0.0231273164798
A930024K11RIK	-0.000314589155749	3.34854193327	0.0449074440845
MTHFS	0.000314633137313	4.80448406103	0.0133190602109
KLRA33	0.000314881601347	5.53429196953	0.00681155725342
A130089I23RIK	-0.000314996825687	2.45541270508	0.0725681288009
E330022G21RIK	-0.000315303690045	-3.38285509729	0.0773779066738
TOMM7	0.000316447274768	-3.1576777519	0.0694084126989
POLR1B	0.000316553667041	2.64581785327	0.0596637321148
INSL3	-0.000319069191306	3.52387740548	0.0456018173327
CENPP	0.000320383262009	-3.15569322316	0.0673038597312
LOC381787	0.000322015011423	2.24931753262	0.092764317987
4932441J05RIK	-0.000322290621791	-4.08721532998	0.040578087404
MARS2	0.00032420702861	4.64977867572	0.00996350856961
ENSMUSG00000054212	-0.000326727631988	2.77814342208	0.080945350782
MTO1	0.000326981908966	-6.59903840116	0.0040501848806
FXR2	-0.00032699710262	-11.7589424385	0.00604734049563
BC002230	-0.00032700103452	2.71328698875	0.0920638362797
PPAT	-0.000327524438772	-9.38957293079	0.00385342168707
TPM1	0.000327956577194	-3.60736950618	0.025378749492
ZDHHC5	0.000328761617375	-3.60861849851	0.0441676137427
CLP1	-0.000330257559913	-4.61664236465	0.00990608388177
METRNL	-0.000332776562472	-3.60700561553	0.0343185552222
MCART6	-0.000333678900295	2.42408910879	0.0733225294527
MED14	-0.000333759461561	-3.97947361508	0.0393741773163
LOC100047194	-0.000334182195786	-4.60272930721	0.0248376200613
ELOVL6	0.000334452196703	-2.8900867039	0.0632822598734
UPF2	0.000335769424262	3.0977529968	0.0375154258765
FARP2	-0.000337202155149	-3.11850272356	0.0699654204802
SERPINF1	0.000339366695397	-6.65493968995	0.0209820313168
CHPF	-0.000339751233959	-3.76493975256	0.0293124398183
TMEM180	0.00034004412056	-3.02220389182	0.0907500637218
RNF6	-0.000340144445584	-3.54153411529	0.0466441164912
DIS3L2	-0.000340170786651	-3.4273256853	0.0314942920117
PHF6	0.00034045156033	-2.3982828364	0.0817012848464
ANKS3	-0.000341186477072	-3.31038945503	0.0641284454267
SLC39A6	-0.000341355922619	-3.82263966562	0.021659046996
LOC100046855	-0.000341915772411	-2.53361880307	0.0667415653799
CLUAP1	0.000342200467202	-2.39753207009	0.0746537725108
NUDT1	0.00034258511601	-3.77750732088	0.0201884479292
GPR89	0.000342702007232	-3.68371511945	0.032125049764
CASP6	0.000342820871765	-3.21069557783	0.0431611108636
PUS1	0.000343501771545	-2.90594491061	0.0592592316338
MYO5A	-0.000343586680372	-2.20284364174	0.0945327669429
D430007J11RIK	-0.000343895335277	-3.95825410982	0.0547548737546
ANXA7	-0.000344432184799	-2.5992877514	0.0914769505776
TBL2	0.000344670104892	3.29598279236	0.0692423744755
RRP7A	-0.000345336111276	4.33882012177	0.0489609916252
1110019N10RIK	0.000346643665887	2.97273572628	0.0950871622169
ACTR5	-0.000349131893621	2.33366357537	0.0844544278167
GPR108	-0.000349551287365	3.07205135546	0.0440177552315
NDUFB10	0.000350559086934	3.98705108984	0.0306033990186
A930026H04RIK	-0.00035070249849	2.37901414992	0.0968109728949
ZBTB9	0.000351243167022	3.4225415224	0.0271988529197
LTBR	0.000351257481703	3.56276809526	0.0387323228546
NAGPA	0.000351618607652	3.10507750306	0.0429440927543
LOC667582	-0.000352482082959	3.11446431997	0.0378335610791
BC038925	0.000353928502236	3.67812758618	0.0459658387648
LOC271490	0.00035396459906	17.5	0.00324939933045
TMEM19	0.000354928699383	-3.3235549791	0.0549011722878
CROCC	0.000355587988048	-3.03262281081	0.0621537572317
ATG3	-0.000355901614647	4.9498125616	0.0143317743841
E230013N04RIK	-0.000356442563459	-3.55548406926	0.026251973017
STT3A	0.000359032502985	-3.45733878718	0.0280105342196
CTDSPL2	0.000360494492384	2.7419865399	0.0734311865755
NAGK	0.000362210539465	-6.57855396442	0.00835571899258
4930455C21RIK	0.000362736376417	-2.4634693663	0.0889701776195
MEA1	0.000364772229921	-3.04808096986	0.0735320312336
PTPRA	0.000365206799935	3.44774213001	0.0545722359477
EVX1	-0.000366067818937	2.22961714346	0.0939841706313
2700024D06RIK	-0.000366343884473	-2.51138781755	0.0662040680314
B430114K07RIK	-0.000366564255239	2.46478159662	0.0712188472542
PHACTR4	-0.000370722658292	2.93150984989	0.0444934632959
TOMM6	-0.000371189222149	2.88043474413	0.0455147918214
HIST2H2AA2	0.000371205053282	3.74507258142	0.0290751855123
IFRD1	-0.000372570388709	6.84531066831	0.00369801204424
MRPS18B	-0.000373479182721	-9.3466922351	0.00728187984245
FKRP	0.000375870611271	4.43313314329	0.0156155814317
6330548G22RIK	0.000376590004379	3.75857583748	0.0347826920345
IL12A	0.000376679667169	4.09345994452	0.0378734946708
DCTD	0.000376743340333	-3.13395569874	0.0787886469199
9330147J08RIK	0.000377101891027	4.1427480515	0.0145550663222
REXO4	0.000379337167367	2.25955543433	0.0867714039595
1300018J18RIK	0.000381464503095	-3.75150164025	0.0200983418203
NICN1	-0.000384920191887	2.25030909771	0.0919422615016
PPP1R15B	-0.000386014225736	-4.44583388997	0.0327347648999
RETSAT	0.00038644615876	6.49053822948	0.00436629984614
D830031G23RIK	-0.000386968222995	-4.68375198166	0.0262302228302
IGHV1S121_AF025445_IG_HEAVY_VARIABLE_1S121_173	0.00038797539526	4.14000994061	0.0408568029588
ATXN1L	-0.000389618902278	-2.66057689482	0.0925947530012
LMAN2L	0.000390192662138	-8.76625157087	0.0117302962949
IARS	0.000390970702288	2.62740042719	0.0618329706839
FUBP1	0.000391475209175	-2.72556822727	0.0528785603479
TIMM44	-0.000391646317195	-2.55089296884	0.0689604214581
SCL000896.1_70	-0.000392106250742	-4.75269946261	0.0271550931755
D9WSU20E	0.000392262904148	-2.69327916449	0.0805194226024
GLS	0.000392731070208	-2.38951472512	0.085243599975
MED19	0.000393000805504	-6.15608035039	0.00811476582215
ZCCHC17	0.000393311874256	2.41555094154	0.075765797705
MPRIP	-0.000393787913035	-3.28943202516	0.0438717050752
AA960436	-0.000394101107492	-3.63225002781	0.0247564874107
TOR1B	-0.000396219477145	-5.64181657182	0.0155993587318
C030033M12RIK	-0.000397165651971	2.67415765902	0.0571058320069
1810055E12RIK	0.000397228077686	6.12177257225	0.0229561162649
BC067047	-0.000398240200704	-2.94922755102	0.0968689552678
ERN1	0.000399227474684	2.76543416898	0.0542264172074
1200015F23RIK	0.000400436112901	2.52838614268	0.0927187399127
HDAC4	-0.000400785126059	-15.4507242514	0.00409686310554
LOC100043821	0.000401007994765	-4.76127598541	0.00934070081523
CPSF2	0.000405164917445	3.46410161514	0.0741799002274
RNF14	0.000405309771083	21.0	0.00225988989428
4732429D16RIK	0.000406356224128	4.82962743955	0.0157882083167
RNASEH2C	0.000408533266137	-3.49250349251	0.072265068926
2310046K01RIK	-0.000409429154904	2.61916017074	0.0904542571538
E130308A19RIK	-0.000421187993368	-2.79242590522	0.0860075510172
RNF12	-0.000422244684051	2.6423130363	0.0638116679281
AAAS	-0.000424475598189	3.38250510452	0.0341080076379
BC088983	0.000425808046915	2.56974151007	0.0805959415249
PTGES2	0.000426147138591	2.44585494371	0.0896579888707
PRR5	0.00043443937233	2.37775319311	0.0761954093058
KLHDC5	0.000441623294421	2.48030214574	0.0772575898583
GPLD1	0.000442583188886	2.32132395233	0.0836003474375
EG622976	-0.000444755718778	-2.87712905891	0.090010180633
LZIC	0.000447446255364	-4.82211024892	0.0404163943368
LOC380707	0.000447722242272	3.22311793278	0.0842708838474
COL4A3BP	-0.000448217729176	4.64243888554	0.0434006153237
C79407	0.0004574615976	-4.67040470573	0.0410525924816
EIF4E2	-0.000461316932722	3.24968299384	0.0583090611806
LOC665408	-0.000462332592027	-7.58182540244	0.0169549570424
FAR1	-0.000466708384079	-3.78117670802	0.0326000047211
TCP1	0.000478391624163	3.77964473009	0.0634141884183
TM4SF4	0.000482371452956	-6.15648078362	0.0253833983272
EZH2	0.000482532392671	-2.79617679183	0.0884364786638
ITFG3	0.000491321945665	-6.24778221521	0.020765313906
0610009O20RIK	0.000496333233958	3.3130646712	0.0645528110248
LOC386246	0.0004977411123	2.48703277258	0.0720160410231
IGHV14S3_X03573$M12991X03573_IG_HEAVY_VARIABLE_14S3_203	0.000503740749704	-2.50289723726	0.0667346313554
MRPL1	0.000505878100065	2.43071771394	0.0748843181399
EG330070	-0.000508189477303	3.14429766849	0.086930216345
PCNP	-0.000508719444196	-2.5546022319	0.0867182744191
CYP4F16	0.000509568830236	2.95531232998	0.0979612373205
FAF1	-0.000515613678951	-3.02320802923	0.0903812575376
FMNL2	0.000516397846724	-3.07584507542	0.0666940682553
VTI1A	-0.000518234769681	2.55716119145	0.0687616277058
IGHV1S41_X06868_IG_HEAVY_VARIABLE_1S41_72	0.000520063593689	-4.49948523857	0.0113542740526
C030044K08RIK	-0.000522054214017	-3.93364816128	0.0199451370259
TCHP	-0.000522487994786	-3.34597923723	0.0358214904525
ARG2	0.000524095342065	2.66646096997	0.0561545682986
RFTN1	-0.000524391155752	2.60532416579	0.0621877803732
OAS2	0.000524430067103	-7.10683940936	0.014674019446
CSF2RB2	0.000524920355795	-3.52356928987	0.0251250057098
RAI3	-0.000527679993344	-2.98253847685	0.0408554708325
FIZ1	-0.000528479539286	2.84296926237	0.046732748814
PLDN	0.000530021937641	-2.2572702423	0.0873492688057
COL4A2	0.000533103862772	-4.18083595863	0.036677460768
CCNYL1	-0.00053376148262	-2.85556462802	0.0493558479464
LOC382096	0.000533967786384	2.87850101192	0.0452945671575
SPSB3	-0.00053812183947	3.34251608719	0.0298248955979
DM15	-0.000538563743253	2.13744215157	0.0994471211445
6030434H13RIK	-0.00054091649183	6.3099360234	0.00511773484219
RBM26	0.0005414160002	-2.57030402507	0.0941657939043
SF3A1	-0.000542126202674	4.98342622932	0.0229193058397
SLC31A1	0.000543309266954	9.41357448663	0.00170806924058
SPSB1	-0.000544911487304	-2.23669586733	0.093003163615
0610011I19RIK	-0.000552077630933	-6.73575314055	0.021337895264
ICT1	0.000555457456332	3.17115094991	0.0768901533545
PPIC	-0.000556369897008	2.1851505108	0.0942394651534
A430005L14RIK	0.000557896083971	-4.76285284798	0.0222911292945
NCAPD2	0.000558195168449	-2.98908064295	0.0739020674695
A130090K04RIK	0.000559894976527	8.04084401128	0.00135793121726
PSG23	-0.000562747459196	2.85551336556	0.0466565009877
METTL6	0.000565410008061	-2.69890385128	0.0811309308591
ZFP97	0.000566464714615	-5.875	0.00484813486048
ISLR2	-0.000566908953873	2.25144980171	0.0960852968846
BXDC1	0.000567712856085	2.85690060664	0.0898559855638
3000004C01RIK	0.000567726516922	3.53774568839	0.0243299534941
KAT5	-0.000568762444316	4.24842826472	0.038498018667
D8ERTD82E	0.000569577305605	-3.97384238874	0.0293460714555
ALDH16A1	0.000569895587971	2.90459412268	0.0626048368195
TOMM34	-0.000572926394824	-4.51002382273	0.010920821018
RBKS	0.000576615192549	5.05595229039	0.0354947327331
E330009F12RIK	0.000577030375872	-2.70222566344	0.0763664940551
LOC100044696	0.000577206898125	-7.55928946018	0.017053625634
LOC100041703	0.00058212207135	-5.67270545258	0.0049365831747
AXIN2	-0.000583372618751	4.85978710873	0.00846901383084
DTNB	-0.000584550584383	-2.24722492882	0.0879364861106
LOC231069	-0.000585034909231	-5.86234793301	0.00429915157779
A130030M01RIK	-0.000586562601969	7.18550665563	0.00334551605838
SDAD1	-0.000588594954094	-5.85766504677	0.0180415560342
LRRFIP1	-0.000589997383443	5.53591389485	0.0267421046219
ZZEF1	-0.000590319563537	-2.93644274964	0.0831052358895
2610019E17RIK	0.000591569835016	2.55158798924	0.0635193377095
PACSIN1	0.00059555195295	-4.11522651951	0.0158384593605
CBX3	0.000596025473038	3.65182345592	0.0328392065167
USP48	-0.000596211767274	-2.90925481567	0.0824434683298
ZFP746	-0.000599002452843	2.14770400866	0.0988249332878
MBIP	-0.000599068879849	-2.62336091149	0.0843857885142
WDR55	0.000599082322881	-2.39511427142	0.0962435907196
PIGL	0.000601206264839	3.60246741372	0.0232513998171
D330001D04RIK	-0.000605166702336	6.62502969054	0.016285215117
5730403M16RIK	-0.000607307158664	2.73204642528	0.0628007065837
ANLN	0.000608156656789	2.2925718536	0.0868438328487
B230340J04RIK	-0.00060943278765	4.12212376107	0.0158153088319
BAG4	0.000609848847192	2.99024718016	0.0918411223872
AI662250	0.000610658562274	-2.75403719327	0.0619799129187
DDX11	-0.000613353028708	-2.44883680668	0.0872026108164
ZFP790	0.000613929033097	3.36479808666	0.0299195305101
DIAP1	-0.000617970429387	4.63590054297	0.0098968180716
PREP	0.000618165651828	5.4	0.00704340502386
DAPK3	-0.000618546455747	-13.5228629205	0.000422865685032
ADAM9	-0.0006197760227	-2.63221440037	0.0653772943811
B230337C21RIK	-0.000620722763442	3.49086720546	0.0654599637457
EIF3S8	0.000624142422063	3.38462814537	0.0689666128843
B130044D17RIK	-0.000624892794923	-3.43351383614	0.0753045902354
9130004J05RIK	-0.000625050857235	-9.67479219147	0.00973687910113
PPP1R14B	0.000625172879538	3.26226226463	0.0340202454002
RER1	0.000625440011164	3.59022687126	0.0444013469608
NT5DC2	0.000625630248532	-2.83695617706	0.0476685102091
C230082I21RIK	-0.000626701317678	2.83129896786	0.067464367106
9430038I01RIK	-0.000633933440251	3.65271895994	0.0225098907535
D430028G21RIK	0.000640188821798	-4.6808155929	0.00950502650527
MARK3	-0.000643131673935	6.32887835483	0.00496207536869
FAM108B	-0.000647002988527	5.01554665353	0.0350489444483
FAM129A	0.000651992682986	2.87007888809	0.0928504615861
5730449L18RIK	0.000652271258519	3.08584264664	0.0694368401804
CDKN2C	0.000652451014418	2.54116558412	0.0824566096862
SLC35D2	-0.000653294509022	2.82408050509	0.0720221481313
MTERFD2	0.000655222427112	2.32612055211	0.0981374238928
LOC383199	-0.000656394783079	3.66776275391	0.0242165651791
CTSC	0.00065646341686	2.88871966113	0.0448202502129
ANKRD50	-0.000658667494058	2.93596396581	0.0576487259624
MSRB2	0.000660081460163	-2.91637370755	0.08808992761
2210418H06RIK	-0.000666107954712	-3.33662681862	0.0292415013155
3110043O21RIK	-0.000669549124962	2.39725756935	0.0747925665691
1110004P21RIK	-0.000671632449703	2.45019636035	0.0704891962254
6330566F14RIK	-0.000678781248852	-3.38510102005	0.0317250088779
LEFTY1	0.000679971508446	-2.19767104074	0.0928935898026
2310035K24RIK	0.000680594072503	-2.36561555407	0.0980761398387
USP39	0.000682426121192	5.55534746151	0.00540461202655
TRAF6	-0.000683271302702	5.04140973411	0.00761624629549
BZRPL1	-0.000683527970686	-3.61871488085	0.0432632594583
2810453I06RIK	-0.000686676627581	3.24484908954	0.0433264409245
ARHGAP15	-0.000687046407387	4.37310401111	0.0391951601489
LOC100043675	-0.000687937198089	-4.50818568489	0.0306417725775
D1LUB1	-0.000689290146454	-2.27347302683	0.0998469022494
HIST1H2BE	0.000689552058265	-4.30662330158	0.013511630922
TLK2	-0.000700788319355	3.91197637119	0.0193327252226
C230066I17RIK	-0.0007018977934	-3.12031175486	0.0512347428828
D12ERTD551E	-0.000704330880274	-5.43100896182	0.0205297062723
NG23	0.000704410033587	-3.76473483083	0.0467251891642
A330057G13RIK	0.000708154253425	-4.43347161817	0.0131078672282
ACTR10	0.000709988362665	2.52689598158	0.0834878635746
UBXD8	-0.000715734464606	-2.89578975347	0.0507795499191
SCL0001419.1_32	-0.000716252334826	3.6274066505	0.0433611345695
TCF7	-0.000717628149279	-3.08620718494	0.0521728590821
PIP5K1C	-0.000720095569897	-6.79099750102	0.0206055713716
VPS4A	0.000723639203525	2.35546098546	0.0781450582732
P2RY1	0.000724447721999	3.67213002612	0.0476019527576
KCTD1	0.000731750835757	-3.87416339083	0.0505321335307
CORT	-0.0007359078776	-7.73131208652	0.0159822647329
9430041J12RIK	-0.00074278604332	9.55918721563	0.00111811811203
VWF	0.000749648225012	-2.31724345395	0.0966212309216
D14ERTD449E	0.000750807125746	2.66402044236	0.0755630102986
FCF1	0.000753603523337	-3.7199998941	0.0393501774104
LOC380797	-0.000757329290006	2.41251454434	0.0852505672619
ZBED4	0.000762047850495	3.38498888916	0.0735915789847
AI480653	-0.000765556302535	2.36508823147	0.0793459741822
THOC1	-0.000767426509834	4.33623839635	0.0323927564314
TMEM55B	0.000769009114283	5.12215914087	0.00692482360919
MRPL55	0.000772386859514	4.03245216912	0.0553965095473
2810426P10RIK	-0.000774392570841	2.29352871632	0.0906961448674
GDI1	-0.000776132208396	5.94530014544	0.0145631885816
USP24	-0.000782710873519	2.94830981452	0.0740713348944
DGCR6	0.000782780362604	-2.94904228415	0.0940595962298
2410025L10RIK	-0.000783875129559	-2.62816499953	0.0967475163002
SCARB2	-0.000786564518471	3.12622069182	0.0503949376159
LGALS9	0.000786717399513	2.54249133166	0.0846973344172
LOC240921	0.000789542689376	-2.50046568466	0.0889761027122
CTNS	0.000791249260333	-3.33301119567	0.0752745697371
OTTMUSG00000005737	0.000795090178102	-2.5641772915	0.0981684157877
IL2	-0.00079834770068	-2.62640472603	0.0797662493144
TMEM126B	0.000799093817227	-4.32973479278	0.01314921906
ZFYVE20	-0.000800704643477	-4.246874776	0.0170754175064
SSBP3	-0.000800741722775	-3.10263145961	0.0361290991752
CHD4	-0.000806049690987	3.73101740284	0.0421021920314
KPTN	-0.000809659460907	3.51540068243	0.0308245012276
2610036L11RIK	0.000811873882149	-5.22710059643	0.0347056514628
FRAP1	-0.000814193343529	3.93281071833	0.0566094557522
RABGAP1L	-0.000815821793778	-3.48043752683	0.0452550165057
4933439M10RIK	-0.000817049798927	-2.90649783634	0.0826076899475
SGOL2	0.000817339961886	-2.67556330047	0.0625805291264
7420700D11RIK	0.000818490965826	3.09594694743	0.0415317496431
TRIP12	-0.000818800955281	2.17803420935	0.0983990607187
9630027A13RIK	-0.000819600829159	4.02574633127	0.0477635782445
RABGGTA	-0.000819716340519	3.15393614521	0.0559547311945
CD33	0.000820067730576	4.11239083825	0.0147365804316
RASSF3	-0.000822079139649	-2.34006712021	0.0813456337401
MED15	-0.000828389047659	-5.31644396743	0.00979066586583
BC021614	-0.000838268960446	2.75016774927	0.0637518489558
SRF	-0.000840880920631	-2.96054093564	0.0573684534098
FLNB	-0.000844768426049	-2.63162107385	0.0711710693962
SLCO2B1	0.00084627395533	-2.53468574189	0.0807018943427
NRP1	0.000846352318337	-3.18198051534	0.0419350072999
SMC5L1	-0.000847267650118	-2.99632015191	0.0427040901164
FIBP	0.000852359370193	3.2264695381	0.0451458811515
MFF	0.000853115711506	3.612491015	0.0350341424913
E230008N13RIK	0.000855253754834	2.99360472713	0.0546852621157
CLK2	-0.000858845980146	2.30457494535	0.0914646781209
2610020C11RIK	-0.000866883386961	6.10302155688	0.0252328801644
MTRF1L	0.000868522897655	-6.74495372031	0.0156440635451
CTNNBL1	-0.000870215667098	2.69547249399	0.08431086494
CNOT7	-0.000873499382132	3.44870473605	0.0555863974108
SIRT7	0.000874161465772	-3.58361904288	0.0453537675202
SARS	-0.000876082060692	-2.51612693767	0.0805793828608
2010305C02RIK	0.000879135224931	3.11943913023	0.0390741504971
IRG1	-0.000879451818763	4.56460109466	0.0127325042536
ESRRA	0.000881028373053	-2.74880215638	0.0726225774282
PARP2	-0.000884799688006	-5.10786771761	0.00749482748696
RPE	0.000886281867374	3.42583837099	0.0437987659541
TAP1	0.000886567536834	-3.2881965534	0.0438260463294
A430106H13RIK	-0.000888147060688	-2.21892337261	0.0999178985087
LOC383125	0.000897796648099	3.32169412436	0.036787440902
A830054O07RIK	-0.00090668753192	-3.0630875221	0.0888902678198
LOC100042179	0.000906819992631	3.35359639353	0.0657090329322
C030046I01RIK	0.000908775420865	3.02941655851	0.0586158337668
EG232875	-0.000909995888167	2.993418071	0.0541180370842
CREBBP	-0.000910429647116	2.45957154039	0.0717725849302
WDR61	0.000917184493454	2.65778663313	0.0747197095144
ACADSB	0.000923383888102	4.69281316033	0.0301393255677
SEC61A1	0.000923526399317	2.25349722187	0.089117625205
PSMG2	0.000924326023978	3.5753721651	0.0635733253133
SLC30A7	0.000924574730502	-3.53026760184	0.0253488687413
COBLL1	-0.000935842373626	-3.58337109587	0.0353693921328
TRIM32	0.000936151948116	2.76632026093	0.0999117375708
B930007L02RIK	-0.000936860569216	-2.76393642615	0.0574217131077
PPM1K	0.00093772333801	-3.69239142505	0.0238586783211
2410018G20RIK	0.000944149036551	-3.38322186271	0.0630204025631
TRAPPC3	0.00094438533844	2.78244649722	0.0838181858048
MCM7	0.00095409765664	-2.62920201399	0.0986183330044
LOC215098	0.000954130996741	-2.81218591126	0.0951249709269
2310061F22RIK	-0.000957861432415	2.97042967076	0.0897874624943
9530082I15RIK	-0.000957951217878	3.67746160258	0.028140636309
LOC100044124	0.000958089558677	2.99976087043	0.0512980780505
4732435K05RIK	-0.000958755237473	-5.46469607808	0.0318930427174
ARMCX2	-0.000965355728588	3.29579146478	0.0564254240954
POLR2F	0.000968833391331	-2.97479591665	0.0833174157623
FRMD6	-0.000974141375665	3.15906243292	0.0868872462861
HTATSF1	-0.000978458142268	-3.20435455141	0.0691535530293
SMEK1	0.000979092035826	4.07102788139	0.047346911531
LOC383897	0.000979199595471	-2.84068504509	0.047649220027
6330500D04RIK	-0.000983284671659	-2.63907324091	0.0786970011286
DCLK2	-0.000988684056371	2.77625892364	0.0582245349949
LOC666053	0.000992315133061	-6.50564742527	0.0189405209965
VPS53	0.000993894387503	2.59268040862	0.0998154302306
LOC384418	0.00100251442797	-2.49035797531	0.0898608710277
2810004N20RIK	0.00100298849656	-4.00596042545	0.0162882501384
2010321M09RIK	0.00100327830224	6.53963965107	0.0150398530863
9530068E07RIK	0.00100732840784	5.21466113324	0.0110762888464
9530007E02RIK	-0.00101121052909	4.01825251989	0.0446860901814
SAMD11	-0.00101420848964	5.79494567264	0.0285110141267
PDXP	0.0010189847043	6.00909726968	0.011780916112
REEP4	0.00102089995358	-2.33446561974	0.087856572128
HPS1	0.00102313019309	-2.65729922912	0.0587769963971
EIF2B4	0.00102634849821	-3.7487347263	0.0510629954591
JAK1	-0.00102726835925	-2.20451059967	0.0923992868486
5031436O03RIK	-0.00102813936696	4.29499889093	0.0137636246924
AHCYL1	0.00103148109031	-5.83556523878	0.00765171147849
CCDC59	-0.00103396881895	2.58823529412	0.0717266396621
MED24	0.00103672077913	7.11390322169	0.00273173540601
1110055N21RIK	0.00103810317517	3.0846348763	0.0770515897496
4121402D02RIK	0.0010442623287	11.1666044385	0.000408001606222
ACN9	0.00104926593053	4.18911441032	0.0205941012946
RPS19	-0.00104945885562	-10.5608196093	0.00218737909906
1110049F12RIK	0.00105235827477	3.23548675289	0.0334554087806
LOC665181	0.00105283223552	-3.30387573685	0.0703327842611
XPC	0.0010551157041	3.21140983824	0.0490098521837
TRAPPC6A	0.00106593297157	-5.47055318419	0.0318280101282
DHX34	-0.00106698884583	-3.15213908692	0.0414054494639
LZTR1	-0.00107161116593	2.18856541024	0.0939027520373
BRWD1	-0.00107476499035	2.57633370743	0.0768412974106
DLST	-0.00108057881963	-2.7820419134	0.061741307173
5730410I19RIK	0.00108650017312	5.53427172167	0.00921136708206
INPPL1	-0.00108806870869	-2.75697844198	0.0512627163
MAGED1	-0.00108837796665	-2.42095873734	0.0778624112043
TNNI2	0.00109177186769	3.96489634451	0.0428831455547
A630001G21RIK	-0.0010953705064	-4.49314922113	0.028552756648
A930030J18RIK	-0.00109651893919	3.07045376193	0.0406740674864
ITGB1BP1	0.00109810700331	2.29365277353	0.0987351681839
LOC380878	0.00110285896723	3.62741298181	0.0325033198613
SLC6A13	0.00110424974787	2.30688949246	0.0881059633348
BC031181	-0.0011083852851	-3.02843812377	0.0628974118818
SLFN2	0.00111509151963	2.28897871487	0.0844048560911
RASL11B	0.00111767833804	4.8614209075	0.0121485359266
BC022224	-0.00112051171173	2.75983713457	0.0590615425581
LOC100040085	-0.00112607660082	-5.03832373868	0.0315596852392
2310004N24RIK	0.00113397654532	3.06877684173	0.0788450830585
MOBK1B	0.0011343956278	3.51893276532	0.0596577086202
A630077B13RIK	0.00113856080551	-3.30455871906	0.0806510258401
BC023835	0.00113999234197	-2.32802063133	0.09448845114
HSP90AA1	-0.00114030301832	-2.79672847052	0.0559016513823
NSFL1C	0.00114268498868	3.1202259224	0.0777632006059
LOC100042970	0.00114279497618	-3.01577959552	0.0482621424713
SF3B3	-0.0011463545161	3.06985750498	0.0443092652825
SCL0001379.1_70	-0.00114882851515	-3.15063018906	0.0348648485129
STARD3NL	0.0011538577557	-2.7838667238	0.0497486781268
BNIP1	0.00116149811901	3.03083211015	0.0388447736686
ADK	0.00116159389927	-2.47340866809	0.0747837324252
TSC2	-0.00116375329677	-4.18538245247	0.0495260273681
0610037L13RIK	-0.00116592906365	5.93913145525	0.00708187623762
TRIM7	-0.00116810512162	4.27217173434	0.0506266422591
LOC241621	0.00117259660419	3.45164281468	0.0267979031324
CTSK	0.00118256114594	5.66391216684	0.00974414370317
EG627624	-0.00118269252999	2.4239505937	0.0737316709278
1810054D07RIK	-0.00118608772488	3.55620816901	0.025701162807
ATXN7L2	-0.00119298550706	3.01920376605	0.0495453638172
LSM2	0.00119585653624	2.7901261779	0.0756550916316
CAT	-0.00121065156904	5.3423467678	0.0304645821193
LOC100043796	-0.00121360479318	-7.17613942349	0.00799231439624
OVCA2	0.00121635139813	2.99942452351	0.0414349394306
TMED4	0.00122968655144	6.03823396189	0.0130138038544
BHLHB9	0.00124530082444	2.41789775394	0.0736651117873
SH3GLB1	-0.00124590039695	-3.18050101242	0.0587554142814
ST3GAL3	-0.00124889335263	6.81114439355	0.00404333765499
TNKS2	0.00125091196892	3.11622972357	0.0860670947062
CCDC32	0.0012615888572	-2.24428207462	0.0919409577251
HAGH	-0.00126716548367	6.10568683808	0.00517377079781
BC021381	-0.00127286718222	2.35853555615	0.0888028401242
C430015M08RIK	-0.00127344766268	3.68349263302	0.022487130541
LOC385905	-0.00127510894364	-3.515981548	0.0722366394865
DOCK2	-0.0012781003292	7.87601711334	0.00172804792833
EPHX1	-0.00127988217204	-2.82241991181	0.0922367315365
GRWD1	-0.00128444828662	3.55560670987	0.0239661229023
ERGIC3	0.0012891839334	-2.56772381204	0.0806566008717
SEC24C	0.00129288339824	3.09141038716	0.0504643117747
SDF2L1	0.00129963136034	7.19320290758	0.00759393956499
1110014J17RIK	0.00129998770077	3.76859258561	0.023048288023
ASNA1	-0.00130768685409	4.1	0.0399914963316
A630072J24RIK	-0.00130915182893	2.23656716792	0.0986046947668
PNLIP	-0.0013265457919	2.73962572203	0.0970383638232
LOC547380	-0.00133142563718	3.07793505626	0.0436415102382
LOC100039607	-0.00133200945408	-3.25513407723	0.0335045441519
RAD52	0.00133688437591	2.85120437851	0.0571102370928
RRM1	0.00134384278749	-4.7442163834	0.0390816932949
USP33	-0.00134923461193	-4.35371485065	0.0290074783641
APEH	-0.00135031267769	-2.60006873541	0.0601906442767
FEM1B	0.00135603823218	2.66425924177	0.0689968782844
D11WSU47E	0.00135674810772	-6.20242764534	0.00727869078565
BUD31	-0.00135676587713	2.15753795193	0.0997546286239
2610200O14RIK	0.00135714861926	2.53614668346	0.0912564229777
1200016B10RIK	-0.00135882096676	-5.43971966952	0.0068893755015
MRPS18A	0.00136216491541	6.05429974931	0.00419443716521
BCS1L	0.00137245312205	32.9925300978	7.62304525555e-06
MYSM1	-0.00137541736037	2.33208010413	0.0800976237885
LIME1	-0.00138374698447	-5.47999160099	0.0054274050011
CHMP6	0.00138864434648	2.72308442365	0.0532724647698
SUV420H2	-0.00138896979856	6.36445827341	0.00849768918623
ELMO1	-0.00139633128233	3.85814609977	0.0206438762677
5830454D03RIK	0.00143162193035	2.5919827693	0.0735836884536
MRPS11	0.00143255314392	2.71448161205	0.0816151124312
9330171D12RIK	-0.00143560115861	3.28739517493	0.0440562321119
0610007J10RIK	0.00144361504741	2.20038338513	0.0946785393178
XKRX	0.0014456432618	4.03281518624	0.0339705037842
6330569M22RIK	-0.00145199756864	2.51147555476	0.0904319179801
2610528O22RIK	-0.00145449396927	-8.3152184062	0.0141564271139
RNF166	0.00145665416446	-2.5904450916	0.0625607007522
CEP57	-0.00146824630253	-2.62103521691	0.0807700053993
IQCB1	-0.0014717290794	-6.26714436184	0.00818649050144
RSRC2	-0.00147188281441	-4.24160526534	0.0436903089997
COPE	0.00147424373414	-8.85437744847	0.00172406244838
PITPNM2	0.00148150874372	-2.84800416087	0.0501919189158
S100A1	0.00148351244348	3.21754539187	0.0334995715987
TOB1	-0.00148719113452	3.0052542984	0.0755570599441
UPB1	0.00148997255205	2.97963493693	0.0498112067836
PIGQ	-0.00149170036331	-2.57965999996	0.068073761719
BGN	0.00149272389935	2.62129501903	0.0784034408943
MAPK13	0.00149862921692	4.29679996324	0.0218733764752
A630064P09RIK	-0.00150153891127	3.15120273546	0.0381987508629
LOC100045359	-0.0015254095317	4.84167599397	0.0207301192526
NCRNA00117	-0.00152582054969	2.55288080994	0.0861447640394
PPME1	-0.00152994504024	4.22678800052	0.0379572113801
SNAP29	0.00152999515655	3.75833139474	0.032234311933
EARS2	-0.00153976939015	-3.13667499634	0.0870775634404
NME7	0.00154341759109	4.44909052186	0.0187761682334
ZFP710	0.00155486353023	-2.83335041328	0.0498364038586
LOC100047911	0.0015621643286	4.50582223041	0.0182727184233
YIPF3	0.00157173117762	2.53372555071	0.0720744597711
AW112037	0.00157193210993	2.69425631624	0.079205171285
PECAM1	-0.0015813719952	5.60617755129	0.00691698501095
SFRS14	0.00162068156274	3.61907352884	0.0520257721057
TRIM26	-0.00163012687486	-5.88536844889	0.00447619969895
SNRPD1	-0.00164395062751	2.51215670749	0.0715725333156
2310005G13RIK	0.00164625541255	-2.56974151007	0.0815847057667
IGFBP7	0.00164911535723	2.54769231445	0.0794900451612
IGTP	0.00165785247409	-2.4651183159	0.0959250258467
IFI47	-0.00167324259135	-2.87113019442	0.0494947091615
ATP5F1	0.0016805388146	-2.96779675678	0.0972548730035
LOC276837	-0.00168141444994	-2.58442551174	0.075868262508
ME2	0.00168329144688	-2.51060003825	0.066806822336
ZFP654	-0.0016839951711	2.45733766616	0.0718662986019
NSF	-0.00168588378069	2.47556944647	0.0875838961904
FBXO6	-0.00169212935769	-6.31200669925	0.00520236809098
ROBLD3	0.00169335887261	4.69049061903	0.0245673222955
PPP2R2D	-0.0016950312184	2.58851323174	0.0775297778067
LOC433955	0.00169676092079	4.93166158029	0.00985413343881
PLEKHO2	-0.00171112412211	-10.6480903718	0.00136466655363
IMMP2L	-0.00171337971914	3.39750970642	0.0301705862373
RUVBL2	0.00174008974198	-3.44634597995	0.0748623062314
5830406C17RIK	-0.00176091268088	-3.04310344828	0.0438304088221
PTS	0.00176192297307	-2.7893358338	0.0900765831707
DBF4	-0.00176205034253	-3.26793767089	0.076360589152
TAF13	-0.00176671524225	2.64990298451	0.0622794457153
RPL35	0.00177006518873	2.38230327603	0.0778766609268
LOC386330	-0.00179279725482	-2.44353135463	0.08622578356
IL11RA1	0.00179665346139	3.21684859858	0.0678927679752
AMFR	-0.0017981351327	-5.75553096642	0.0152263057084
2010005O13RIK	0.00180514276134	3.89054248496	0.0313975452375
TRBV13-1_M15618_T_CELL_RECEPTOR_BETA_VARIABLE_13-1_213	-0.00181747165874	-3.03405330409	0.043753590966
MRPL11	0.00182116036331	3.3285665971	0.0352779555306
ZFP524	0.00182696042329	6.84332753904	0.00273389171732
KYNU	0.00182778056335	7.3316187067	0.00196833731127
SSRP1	0.00183615972039	-2.77636512191	0.0672232219337
SUZ12	-0.00184359962914	-4.36996199566	0.0284367334722
DAZAP1	-0.00184362101894	2.54080136228	0.0922647084319
3110009E18RIK	0.0018567883872	2.89600764891	0.0588547948113
2810405J04RIK	0.00186057319092	9.59051892523	0.00425664037007
B230363H02RIK	-0.00186059034455	7.1523348311	0.0179350817504
MGEA6	-0.00186455338925	2.82476963816	0.0910790321163
LOC100041103	-0.00186569526383	3.30345014617	0.0351742644314
ACTR1A	0.00186692842368	2.43717500159	0.097740725419
NCAPH	0.00186841172274	3.81693142685	0.0385786164154
CKB	0.00187365287006	3.36009735533	0.0376016969165
TTC27	0.00188135673607	-4.82211024892	0.0196212530731
USP7	-0.00188266497396	3.21052631579	0.0848512762476
A730094H17RIK	-0.00188614816755	-2.83899457115	0.0650841118541
PNPLA8	-0.00188787670496	-2.44397672624	0.0950354938697
CRYL1	0.00189939277246	2.56407799951	0.062456651495
RFX1	-0.00190581535958	-6.98418120926	0.00331844497362
ZER1	0.00191379570887	3.91879073764	0.058999124212
VPS36	0.00191384091279	-4.21874357562	0.0138450229644
PCBP1	0.00192960843775	3.11341965741	0.043293391692
2210018M11RIK	-0.00193119383451	3.42368138235	0.0542541341062
PARL	0.00193690694944	2.73335919219	0.0684763207824
4732470M22RIK	-0.00193721757396	3.8918601701	0.0554302696427
LOC381782	0.00194025826783	-3.67065174193	0.0410356236692
TTC35	0.00194445018511	3.40664984375	0.04543425416
CMTM6	0.00196681045677	2.19342239657	0.0939835558741
FASL	-0.00196747750213	2.49977813605	0.0771905659215
IL18	0.00196843402094	4.67103387652	0.0151236771661
CLEC4A3	0.00196894177911	4.39033433757	0.0478744405243
ATXN1	-0.00197527997501	-3.39896701825	0.0767281314044
UBE2F	0.00197535610466	3.1304951685	0.0493509861929
EG384525	0.00198155221957	-2.38899984474	0.0759988405119
SH3GLB2	-0.00198243460892	3.04527212313	0.038421639435
APPBP1	-0.00198522647187	-5.02773627	0.0167108731835
0610007L01RIK	-0.00198718064684	3.32686268861	0.0399712708091
AMIGO2	-0.00199432943688	2.37706876784	0.0892401631619
ZC3H7A	-0.00199960099239	2.90825836337	0.0471247497797
TTC9C	0.0020425056705	-3.26326806579	0.0500718210756
LOC100046898	0.00205221031282	-2.65311085605	0.0804127615453
PRPS2	0.00205954877368	-3.08492599402	0.0760421913637
4921505C17RIK	-0.00206877053591	7.34942395007	0.00251186691334
CEBPG	0.00207490494882	2.80974318781	0.0694326852595
IFNGR2	-0.00208787502969	-3.86214755995	0.0237772091879
SLK	-0.0021071007835	-6.09556915331	0.0221359589144
2310005N03RIK	0.00212005881387	-2.70356871924	0.086642336228
YWHAQ	0.00213169068716	3.69175281183	0.0210476379477
ZNFN1A3	-0.00213189887186	3.05973402814	0.0536457806141
THTPA	0.00214020322404	-2.55411235714	0.0806084546499
E430005I09RIK	0.00214390768636	-2.43882871867	0.0815924081667
MRGPRA7	0.00214580554052	-4.04165921801	0.0207475416803
RBM43	0.00214751365091	-2.78509453257	0.0948998141925
SMARCB1	0.00214839390791	3.01711455238	0.0392755032231
LOC100045737	-0.00216016575549	3.93405968355	0.0429448449914
RB1	0.00216268301584	3.82638294026	0.026335448194
GM129	-0.00217320805053	3.37118152357	0.0332659320814
PTPLAD1	-0.00217420686055	-5.23441543987	0.0101255057132
MYO9B	-0.00218212445885	2.84641014304	0.0574028867058
CYTH4	0.00218242194219	3.90901650326	0.0179679052047
LSM6	0.00218852713281	-2.70706015481	0.0729515125498
EG384179	0.00219036632669	-4.3979986601	0.0223791471931
9630032J03RIK	-0.0021987529947	-2.34535951547	0.0887434700369
VPREB3	0.00220979181702	3.91372642093	0.0173460505683
PREI4	-0.00222066213797	-3.79826661364	0.032780297342
COASY	0.00223904605233	-2.4172496	0.0808399673959
CLNS1A	0.00224083281341	4.71510247202	0.0110867312588
NUDT6	0.00228486756155	4.26107449033	0.0140320365877
AIM2	-0.00228506182964	3.79395764531	0.056661290766
SC4MOL	0.00230432837804	3.55560557499	0.0506969483549
ARAF	-0.00230526402478	3.93159169411	0.0514746863891
FH1	0.00234176850516	3.51864584069	0.0642191336592
1200002N14RIK	0.00234743731399	-2.7344449569	0.0692201557995
AXIN1	-0.00235021501988	-5.5161844391	0.0144832435909
MED28	0.00236843708396	3.89228546667	0.0276532329258
2610101N10RIK	0.00238324261584	3.43479589627	0.0509969297779
GPR177	0.0023866741964	-4.99566779634	0.00847205405545
CLEC4D	0.00239412099945	2.84320170474	0.0474469060847
SREBF2	-0.00240716351969	-2.98253651235	0.0572946017803
CCBP2	0.00240722419128	-3.50090899667	0.0255911283038
C920007D24RIK	-0.00241767099976	-8.14527775697	0.00123898731884
2010205O06RIK	-0.00241913145033	-2.32806221939	0.0978238584979
PDHA1	0.00241946585153	2.21403721385	0.0925627090719
SLC6A6	0.00243692705645	2.65290854311	0.0980008232905
HP1BP3	-0.00244503513584	6.53645735282	0.022614428548
PON2	0.00245291682189	-3.89711431703	0.0323283447968
DDX54	-0.00246199526946	-4.11646637358	0.0270237422281
LOC100047419	-0.00246896122028	2.17450006865	0.0979197407621
FCHO1	-0.00250346967232	3.21257072872	0.0369097391737
9530005P22RIK	-0.00251399340364	2.67859812073	0.0865440222469
DNCLC1	0.00251754450149	2.90511580457	0.0556668246034
TTC28	-0.00255639126806	-4.34758757013	0.0273842168121
CSRP2	0.00256066104056	-3.56305834668	0.0250675198128
LMO4	0.00256267065387	2.76872219228	0.0570575053337
VPS18	-0.00258054866997	2.30627795066	0.0847971320668
IER3	0.00259706230384	2.47812020602	0.0945189887692
1110021J02RIK	0.00260060265959	2.98727426884	0.0944426032808
PLEKHM2	-0.00261130362406	2.58797778912	0.0858767836345
MED6	-0.0026293052454	3.18411900867	0.0459113742735
1110068E08RIK	0.00264945416849	3.59105999124	0.0634554531122
NAT11	0.00265826855995	2.53630288778	0.065343387856
CD63	0.00266212142576	4.98879302907	0.0218130035667
ORM1	0.00266240772529	3.95150088333	0.0168211116943
LAT2	-0.0026846289695	4.19982224341	0.0174123898865
MAP4K2	-0.00269713980649	2.76392460539	0.0936355645919
COPS6	0.00271165021332	3.48075742647	0.0304020815333
5430406J06RIK	-0.00271482712831	-2.38109328098	0.0869639441413
RGS1	0.0027157837743	2.9701129146	0.0587006535067
GHITM	-0.00274156932944	-3.69325687538	0.0609633393613
CDC42EP3	0.00274757331227	-2.72927300144	0.0652041026931
BGLAP2	0.00277414349367	6.99724199531	0.00455060568339
BCKDHA	0.00277818153844	3.34946971451	0.0544440035956
DOM3Z	-0.00278174058444	5.21424918882	0.0113492849842
AI849286	-0.00278290124283	2.75462569659	0.052081678765
ZFP282	0.00278416524132	-2.46938480378	0.0987708239596
NDUFB6	0.0028006844491	8.38627869378	0.00601539566827
EAR4	0.00280150601995	-2.35810575403	0.0992010102602
RNASET2	-0.00282273061419	4.47180344182	0.0430838668955
OMA1	0.00283325742546	6.60400660401	0.00309840637805
MRPL53	0.00286119850088	2.95999928269	0.0872452093097
WHRN	0.00287373026347	-6.50262184885	0.00322810159133
LOC100044298	0.00290639625216	-2.40007440361	0.0879940803719
PLOD3	0.00292407682812	2.7288471064	0.0814875319476
8030474H12RIK	-0.00293468236225	-3.71382251493	0.0643028592249
LOC675440	0.00294008690176	-2.4107946134	0.0776570034583
ACSS1	0.00295935578006	4.73526701881	0.0305119112206
LOC625360	0.00296018675521	-3.74161023382	0.0493712216571
EMILIN2	0.00299072299121	2.89603693455	0.0537216317066
CFL1	-0.00299170756209	2.30034456706	0.0869852016458
LOC100046741	0.00299639653653	2.74542277155	0.0660544118473
5430405G24RIK	-0.00299920315438	3.33196749965	0.0625813681982
BTLA	-0.00302977130338	2.68116071031	0.0572045949252
VAV1	-0.00303721323746	3.16498120075	0.0814538826179
CUTC	0.00304347907012	2.60308924542	0.0618868321265
FMNL3	-0.00304473411438	-3.6222773275	0.0236843468372
2510042H12RIK	-0.00305329163363	-2.66078695766	0.0592874931032
EIF6	0.00305465199825	5.91064332492	0.0139771070231
MOBKL2A	0.00309991422502	2.36432390543	0.077352586104
EG434402	0.00314829894315	-2.90557375626	0.0462535116392
SBDS	-0.00314839245457	-3.84811531966	0.0197216350696
PPIB	-0.00315011183076	-3.90761558704	0.0532601102702
B230387C07RIK	-0.0031623284459	4.55214680666	0.0197735944189
TUBB2B	-0.00316881201466	4.1254283142	0.0193513167085
CCND2	-0.00319276874986	5.09017475798	0.00893793312539
GRSF1	0.00320209170368	6.28407626187	0.0220580710048
UAP1	0.00323229798955	-3.55151418582	0.0544833229858
FNTA	0.0032840173857	4.36144531168	0.0162274644004
GAPT	0.00340389859343	-2.59607115266	0.0640942063977
NKG7	-0.00341480787298	-3.35463030682	0.0587036185977
P4HB	0.0034152703547	-3.54922594032	0.0256947466373
KIF22	0.00343914087645	-2.61979029526	0.0596821445469
BID	0.00344687156021	-3.1466798767	0.083163238535
BIRC1CL	-0.00345079117938	-2.82460417292	0.0476491489522
DBNL	0.00345689757385	-4.99713907758	0.00793091188641
AK3	0.00346299943114	2.87252999487	0.0676678175224
YEATS4	-0.00346450895127	-2.88599994611	0.097016495971
C030048B08RIK	-0.00347059260258	2.25821202085	0.0965029397567
ITK	-0.00349836056174	-4.04411160945	0.0560524872356
LMBR1L	-0.0034996783198	-2.27812161528	0.0905434966129
IGHV1S36_M13788_IG_HEAVY_VARIABLE_1S36_40	-0.00353186000901	-3.30772715638	0.0585327170225
BLVRB	-0.00355086090157	-2.47657384146	0.0962450818491
ROGDI	0.00357274450435	4.71475586927	0.0163480991844
LOC675228	0.00358705583944	-3.69025061272	0.0660125448903
COMMD7	0.00363894472624	-2.33927493714	0.0945868981144
SEC61B	0.00364672339786	-2.96915735536	0.0457541934657
GALNT11	-0.00366195140755	-2.19800830301	0.0951687694048
AI450540	0.00368946796368	-4.47921670272	0.0450397833891
EG627299	-0.00370428418754	4.76669423578	0.0374440081876
RGS10	0.00370834382025	-3.50949149792	0.0267317445478
ENO1	0.00371638781821	2.74342533404	0.084279065521
SLAMF9	0.00372426603025	-3.13222138598	0.0885925085009
LOC100045005	-0.00375064098184	10.64220581	0.00413480278655
1110008F13RIK	0.00384086694939	3.28174397657	0.0490000107599
RPL26	0.00384582504957	8.05490944236	0.0148598169478
HNRPM	0.00387015497017	3.03069757777	0.0586299133157
SLC25A28	-0.00388485485841	3.63326990168	0.0221608472713
BLOC1S2	0.00389124824263	2.73140839789	0.0672512264327
LOC381629	0.00394026084409	3.62597008587	0.0474765826021
E130112E08RIK	-0.00394423386605	3.06825342898	0.0844586834169
RRAD	-0.0039617586947	-3.06556556305	0.0828475489565
LOC384421	0.00398398089248	6.9707415557	0.00291058340893
NDUFA13	0.00399704672247	-4.23329829797	0.0201867030906
SLFN1	0.00401680055122	-4.12145573334	0.0152167012224
ABCG1	-0.00402683732891	2.77014155063	0.0527000933242
TLE4	-0.00404184110691	3.35214490011	0.0676324706682
1110001N06RIK	0.00405082426407	9.28048915167	0.00499771186317
TRBV1_AE000663_T_CELL_RECEPTOR_BETA_VARIABLE_1_207	-0.00405439803642	-3.78001512009	0.0206713921967
STFA2	0.00406731143486	2.61648714963	0.0670515776518
0610007C21RIK	0.00413197629069	5.10041366476	0.0121173557853
TRAPPC1	0.00413863694378	2.66370102045	0.0582935130474
SORT1	0.00415801162508	3.743461686	0.0214276884124
INTS7	0.00416458250091	3.27081953799	0.0756199819981
ARF2	-0.00416752617514	2.82259851541	0.0493765524922
1110038B12RIK	0.00417417771549	4.14677955012	0.0353694427188
JAK2	-0.00423977225496	-2.6508803346	0.0884368632125
MCEE	0.00426540136649	2.39941211182	0.0752906134171
PCYOX1	0.00427869741462	2.36169229175	0.0953846774651
LOC382885	0.00434509535073	-7.79550744126	0.0148426948511
AHNAK	-0.00434932804279	-6.11260330212	0.0201198367078
2310001H17RIK	0.00438809467706	3.64418120867	0.0587148111248
BC003965	0.00439454999766	2.98458277757	0.0528022120792
OLFML2B	0.00444954577501	-3.16751131443	0.0603382292072
HEXB	0.00444995752849	2.95378673546	0.0931687350014
CMTM7	0.00445207638804	6.41398587475	0.0128250083101
MAP2K3	-0.0044951573627	-4.92654312047	0.00905324964366
4930572J05RIK	0.00450489145096	6.61308919957	0.0063031556474
BC002163	0.00453062978481	2.28109156232	0.095892754149
0610006I08RIK	0.00454432562599	3.98883282787	0.0532997694187
LOC100045668	-0.00456481158272	-3.08620689655	0.0726255999302
RASSF4	0.00459669929413	2.53900906988	0.0643726125382
C130092E12	-0.0046045968779	4.78583238494	0.035492314682
D730006F06RIK	-0.00460583189403	2.43468869875	0.0796999729033
NDUFC1	0.0046595702715	3.03198083425	0.0579655955038
EIF3G	-0.00469300392937	3.45918537833	0.0522691216738
NUP62	0.00475746163011	2.64254209123	0.0631755095618
ARL1	0.0047625548231	2.76288065099	0.0802696745214
GPI1	0.00479662224239	-2.62406943547	0.0823684719467
PIK3R1	-0.00480507539933	-2.52454768763	0.0659688161106
TLK1	-0.00481063541247	4.35167503572	0.0123119400679
DNAJB2	-0.00492520462036	-3.1916709374	0.077845929962
LOC100047634	-0.00493047890011	-2.2021944791	0.0982410070092
PDRG1	0.00496819766167	-2.5952940148	0.0667496298433
1500001L15RIK	-0.00497366250792	-4.81895289031	0.00874314781776
LOC100041835	0.00501127321859	2.17711446038	0.0955160829352
AI115600	-0.00507526751614	7.11512473538	0.0109463090604
NOL5	-0.00507940574552	-2.40660602869	0.0899910913204
LOC668387	0.00508144103553	5.58375649211	0.01636251686
SFRS9	0.00511326379893	4.23081054519	0.0305855357193
MYL4	-0.00515951771631	-4.34457602732	0.0153195223204
BAG3	-0.00520432540034	-3.16677059778	0.0869132875977
ACTN1	0.00531431621145	-2.59709494662	0.0845577230994
ATP5J	0.00536089414495	3.18426690196	0.0771523577641
TAP2	-0.00536671858387	5.14483175915	0.0205151893904
DCTN5	0.00540913365478	3.30804663336	0.0703881988307
LOC381330	-0.00543030138399	2.98771265019	0.0412874265321
OBRGRP	0.00544708728935	3.01954809561	0.0410704035958
B020018G12RIK	-0.00548025775574	-2.88586442953	0.0942531157221
SCYE1	0.00549940919948	4.82850132931	0.0378914452733
ELAVL1	0.00551368265115	2.5194095165	0.0655876028046
PFDN2	-0.00551690135137	2.86205705787	0.0897348132649
MRGPRA2	0.00563090447196	2.84518503101	0.053766363601
EG632248	-0.00576804053899	-5.39192037346	0.0118850745129
VPS26	0.00577266588566	-4.75097593222	0.0246909791824
LOC636696	0.00583750964789	-3.64088861742	0.0240229431201
TAGAP	-0.00593782815394	4.09846280562	0.0298007064059
PDCD2L	0.00600063818797	2.81679628038	0.0684277809356
BTF3	0.006007924252	4.46274904428	0.0446983738834
SLC35C1	0.00601020799187	-6.22418610027	0.0173386567042
E130102H24RIK	-0.00605466570527	-4.19505394963	0.0405624559108
LOC100048299	0.00605668976591	3.4082660211	0.0485804871381
PSMA4	0.00614886037222	-2.21826642002	0.0994878009447
CCT6A	-0.0061828091083	-2.1591824762	0.0970764203036
LOC433476	0.00627694307081	-4.88490211591	0.0177949419796
JMJD3	-0.00628281497577	3.89325560582	0.0264953978769
NUP160	0.00642324763178	-2.63097646168	0.0889885032013
EG622339	0.00644671954421	6.37039939523	0.00915519360849
IRF5	0.00657314909408	2.98604900494	0.044366468816
HSPA9	-0.00659273985895	-2.77132653863	0.0922973401778
2600005C20RIK	-0.00661693567891	3.0542412634	0.0518852287024
OSTM1	0.0067451135019	-2.35440804674	0.0905913733995
LRMP	-0.00678236873777	-3.68853868696	0.0409325022109
ETFB	0.00680068049527	-6.33911662077	0.00319370057017
MKNK2	-0.00685237717084	5.1112375036	0.00695082776316
ADNP	0.0068652622841	3.2708903192	0.0307678665024
UBE2L3	0.00695633193115	5.4686874162	0.00571239883026
ATP2A3	-0.0069685803526	4.37350960492	0.0144822409377
VDAC1	0.00700574581426	2.96781220879	0.0422414666719
SNX8	-0.00700741828681	3.56565134671	0.0308999701498
CASP1	-0.00703965300825	-2.61427570914	0.0807230454921
NPTN	0.00711615998394	-8.1262361697	0.014807798173
NAPSA	-0.00711701557523	2.89822655796	0.0830593195647
LOC677643	0.00712671294734	3.17422966809	0.0624916130474
CCDC86	-0.00718136428835	7.84244859722	0.00748360135954
ARRB2	0.00724359632263	-3.43799385277	0.0309614407106
0610037M15RIK	-0.00727103618014	3.2582704815	0.0550959775769
PIK3CG	0.00728859671684	5.7224404164	0.00485648582884
PPP2CB	-0.00729631979683	3.16410913564	0.0392767252906
ATP10D	-0.00779111946808	6.44487578166	0.00313067259469
GNB2	0.00792580297862	3.20838529534	0.0450127694753
PRG2	0.00799754589035	-2.57518522584	0.086178607162
LOC100046996	0.00799852016184	-2.48370628002	0.0847544278364
POLR2L	0.00806892397098	3.09906443699	0.0566469178439
A430106D13RIK	-0.00810577042825	-9.13024440919	0.000987721557616
1500032L24RIK	0.00819743574444	-4.16192025041	0.0528364506882
2700092H06RIK	-0.00822555977447	-4.30357713373	0.0184724928722
LOC100046503	-0.00822757572418	-2.90337040224	0.0579888178924
EG432681	0.00832701159355	4.38406204336	0.0424866284756
MPO	0.00855995367062	-3.36309451272	0.0673853398107
PRKD2	-0.00862441673105	4.93037873478	0.012967897759
ATP1A1	-0.00866379897356	4.06459256688	0.0200005767563
LOC100047261	0.00877916888626	-8.82400198662	0.0018048740506
CLN5	0.00880789101892	2.99840957699	0.0657606963947
ATP5G2	0.00881487114964	4.66371117076	0.0194704556847
LOC100048770	0.00918262866123	2.94585328852	0.0523286801921
KLF7	-0.00927492306347	8.00003299314	0.0127949818193
D130032J17RIK	-0.00934839750495	2.45200269576	0.0977767240747
H2AFV	0.00948534215669	-3.27435093504	0.0794927262016
2310016M24RIK	0.00956736906191	2.66155873103	0.0636438003852
CDK2AP2	0.00960951366889	-4.01771519626	0.0405459749426
TBK1	-0.00964299601893	2.96390549987	0.0796720422908
CCR6	-0.00967664991158	3.71521424704	0.0631915345777
EG433016	0.00984673074974	-3.20715735991	0.0400632996121
LSM4	-0.0100811298819	-3.06109539075	0.0465947390875
RNF145	-0.0101704442428	2.85663548458	0.0669594408888
LOC386078	-0.0102968242105	3.41121146169	0.0501047912717
MIF	-0.01044692876	3.33899332202	0.0540714178674
RPL18A	-0.0104579878801	4.3416305805	0.0355754478298
NEDD8	0.0106093426982	-3.07221887427	0.0635435854192
PYGL	0.0108029711244	7.4221968097	0.00316955565161
LOC100044294	-0.0110494848238	-6.95145191353	0.00230182323566
CEBPB	-0.011386967544	2.30509169182	0.0958618876879
RPL32	-0.0114557630644	4.41999858221	0.0115845122944
LOC666403	-0.011887463509	-5.13668448155	0.0150021931948
A130062D16RIK	-0.0119333791617	-3.51791556001	0.0398452536838
A630084D02RIK	0.0120066011023	3.10415347741	0.0638721679682
NDUFA2	0.0120486032615	6.03738353925	0.00680322278637
LOC100044190	-0.0120675892356	4.19980906521	0.0262270451197
EG625917	0.0122221348617	2.66955165226	0.0577819263723
HSP105	-0.0122453414012	2.45428796431	0.0923627565295
MPEG1	0.0122927363076	3.32027513302	0.0307796115319
LOC100044692	0.0123042409448	-2.85113553572	0.0710589630657
SUMO2	0.0123859601453	-2.26868122892	0.0858907873603
SH2D2A	-0.0125147446636	2.91232748436	0.0442730079435
OSBPL9	-0.0126313217749	7.08850707239	0.00395600350558
HMGN2	-0.012829020966	-2.54887009563	0.0911883990929
B930008G03RIK	-0.0128409869983	-2.4752395811	0.0689789191217
6720456B07RIK	0.0128487287137	3.24335779759	0.0467288028061
DGKD	-0.0129268980973	3.0725226357	0.0823316775161
ANXA3	0.0130076791439	3.98227203566	0.0222535820351
TUBB5	0.0130242320583	5.01955736803	0.0297901939706
HERPUD1	-0.0130654700546	-3.15445052536	0.068412198067
LOC544904	0.0132187122364	-4.72795589644	0.0145504108852
EG268795	0.0135068910524	7.5940561704	0.00203558134373
LOC386005	-0.0135186006901	-3.62125907518	0.0479164881492
C920004C08RIK	0.0136399894516	-2.88974434217	0.044890125653
A930005H10RIK	0.0137350769745	7.06810234953	0.015598381631
DNAJC7	0.0137365893685	4.07853501252	0.0208344476441
1810006K21RIK	0.0137829999353	3.20312780989	0.0467541134752
D19WSU162E	-0.0138986568923	2.93446800087	0.0960707802747
DYNLRB1	0.0140005893201	3.12671101119	0.0734335173188
LOC382092	-0.014213295693	3.10470817115	0.089963147062
TXNDC5	0.0146421186919	3.71307067775	0.0384130094446
A130026C10RIK	-0.0150481324508	-3.26935158614	0.0327060243067
IFITM2	0.0151943674542	-6.78581450809	0.00351966531945
TREM3	0.0153213082602	2.79405170128	0.0520897004069
ALAD	-0.0153561352146	3.16417448665	0.0830889427956
GSPT1	0.0163486428855	-3.40544652207	0.0365067905454
GSTP1	0.0171469490538	4.37508837303	0.031392168608
RSAD2	-0.0175092762358	2.85149295948	0.0699959461596
PRSS34	0.0175224406698	-3.5978744365	0.0270657770689
RPS3	0.0176480768057	-3.06470117972	0.0376788247851
LOC268569	0.0176589116311	2.73679122947	0.0565365847966
LOC100047815	-0.0179126097782	3.07584597398	0.0440874396551
2310009A05RIK	0.0185796739327	2.70208989692	0.0928675456112
PLAC8	0.0186486461376	2.62291090252	0.0763954473094
SPATA13	-0.0190390948849	-2.71607911756	0.0902053707697
LOC630253	0.019579302307	2.37955708766	0.0907786286548
HVCN1	-0.0199330510379	-3.88640549443	0.0180275075538
CLEC2D	0.0203748185778	-2.9601411443	0.081970059728
LOC240672	-0.0207507966807	-3.66371137852	0.0249719016798
LOC100039571	-0.021729430136	-3.90436864143	0.0597775450245
LOC100047162	0.0218410291088	-2.39346429442	0.077990680307
PER1	-0.0228436330238	-4.99150497858	0.00976943544705
RPS14	0.0240178433867	3.12220490958	0.0432755104074
LOC268700	0.0241091795329	3.02581628694	0.0409598703486
RPS11	0.0250574099587	-4.17321502502	0.0217586136569
ZYX	0.0257195627638	2.93274588518	0.042897535262
CD274	-0.0258178628548	2.28046357981	0.095147175251
LOC672342	0.026257240562	2.54151928743	0.0645807111008
NFKBID	-0.0268318012261	2.61909458284	0.088995966637
LOC232067	0.0271717405765	3.70254787403	0.0585457316539
RPS25	0.0274112384445	4.02142084934	0.0165211070909
EEF1G	0.0278813584046	-3.10931619457	0.0804321249696
SIF1	-0.0281794202543	4.22712686475	0.0134320085788
LOC385277	0.0284702174849	-5.06416769266	0.0171480032885
EG667977	-0.0294209619024	3.1191926291	0.0364888816907
SUI1-RS1	-0.0332264971992	2.98021695062	0.0819541306786
H2-DMB2	-0.0354572055412	-2.43081575023	0.0755509227882
EG243642	0.0373136624282	-3.00761161123	0.0500361307199
ANXA2	0.0376391391692	-2.30894327101	0.0871847687667
HIST1H2AN	0.0429110885468	2.683281573	0.0677125761238
RPS2	0.0430519313865	2.99917131456	0.0408660223567
CD52	0.0501054315425	-3.03873444988	0.0924990369279
LOC100046552	0.0502942465487	3.11260563631	0.0359548169826
H2-AA	0.0508331002002	-2.51082308776	0.0910093241048
MTDNA_CYTB	0.052965321772	5.63621480191	0.030066791089
NGP	0.0538064802424	3.19611418969	0.0630697673176
LOC381808	-0.0544981856491	2.34535446678	0.080075100734
YBX3	-0.0548365702535	2.35150164161	0.0831799182777
LOC677551	0.0571838328566	3.48813287315	0.0698591600416
FOSB	-0.063698561625	3.47699059602	0.0386561190034
MTDNA_ATP6	0.0642883869122	5.92577921319	0.0079701975811
CD74	-0.0696200805381	3.36134480694	0.0614039135579
FOS	0.0708228715583	6.23230769262	0.0217774192019
RETNLG	0.0763370758938	3.27546303693	0.0537189231756
SLPI	0.086480139638	2.59554273809	0.0717768840326
SH3BGRL3	0.087384690076	2.72421891378	0.0762848021597
LCN2	0.0924741317075	-4.02383832364	0.0206593892985
EG667728	0.0950350675235	3.14857088142	0.0547335506886
LYZ2	0.117009414805	3.01140718857	0.0483067988087
H2-EA	-0.121245497092	2.84637005745	0.0860588826231
HIST1H2AO	0.123994529139	3.57521805901	0.0243666598052
